0.660312
0.479281
0.298407
0.107575
0.0146135
0
0.015669
0.0373592
0.0470315
0.0394024
0
0
0.157263
0.637569
1
0.944964
0.835099
0.386292
0.0329665
0
0.121943
0.221976
0.280846
0.16582
0.100362
0
0.0501393
0.459848
0.911732
0.934234
1
0.70325
0.362991
0.270577
0.174325
0.0987793
0.265649
0.32298
0
0.373236
0.409382
0.494887
0.701794
1
0.79835
0.541002
0
0.241449
0.574114
0.309621
0
0.0741762
0.227331
0.491891
0.666231
0.932901
1
0.84895
0.542346
0.188383
0.030949
0
0.0277996
0.311012
1
0.988566
0.896634
0.348835
0.154184
0
0
0.0431402
0.17481
0.428727
0.790892
1
0.863723
0.539947
0.0864031
0
0.102222
0
0
0.0369977
0.300161
0.683214
0.847532
1
0.776385
0.506092
0.309056
0.247505
0.037705
0
0
0.0204785
0.215615
0.784616
1
0.944365
1
0.950547
0.843095
0.785103
0.739752
