0.551385
0.375367
0.216108
0.0610213
1.25901e-17
1.80666e-19
0.0217278
0.0440355
0.0515334
0.0411472
2.36144e-16
1.93261e-16
0.160111
0.642228
1
0.93573
0.815245
0.3576
0.0183415
1.08136e-16
0.11488
0.20447
0.262782
0.154288
0.098819
1.88684e-16
0.0196802
0.404404
0.856565
0.903189
1
0.786064
0.575786
0.550757
0.536014
0.481215
0.669158
0.582751
2.16732e-16
0.297064
0.332962
0.44292
0.677706
1
0.808731
0.549355
3.18402e-17
0.258483
0.601535
0.325052
4.37527e-20
0.0748972
0.231262
0.49652
0.671075
0.937302
1
0.838415
0.521096
0.169217
0.0210289
9.79078e-17
0.0305752
0.316095
1
0.982056
0.881123
0.329204
0.141322
1.30743e-16
1.18211e-16
0.0396605
0.167929
0.421956
0.787781
1
0.863159
0.53811
0.0844357
2.11645e-16
0.102315
4.43201e-16
2.10438e-16
0.0332054
0.295561
0.68155
0.848073
1
0.768164
0.485474
0.280321
0.224461
0.0251033
5.25841e-16
3.13349e-16
0.0221517
0.222683
0.792951
1
0.918251
0.946238
0.880118
0.755388
0.679624
0.630225
