0.488473
0.320302
0.178029
0.0450951
2.3953e-17
1.95349e-16
0.0212908
0.043212
0.0506789
0.0406613
1.54106e-17
3.64781e-18
0.161344
0.644339
1
0.931452
0.806092
0.344713
0.0122139
5.87376e-17
0.109058
0.190815
0.247783
0.142486
0.0941128
2.15688e-17
0.0135896
0.391962
0.844126
0.896414
1
0.800962
0.624242
0.634564
0.677166
0.688923
1
1
0.287273
0.410308
0.384749
0.465686
0.687787
1
0.79468
0.521877
0
0.363912
0.824669
0.592077
0.252106
0.247656
0.354974
0.56442
0.714811
0.962722
1
0.815499
0.484637
0.140626
0.00729111
6.38527e-17
0.0372479
0.32527
1
0.976685
0.868833
0.315143
0.132683
1.34978e-16
2.42192e-17
0.0379185
0.16448
0.418562
0.786222
1
0.862893
0.537217
0.083473
3.3212e-17
0.102361
0
0
0.0313929
0.293404
0.68085
0.848391
1
0.763977
0.474976
0.265695
0.212751
0.0187194
0
0
0.02514
0.231529
0.801296
1
0.897184
0.904789
0.829605
0.695806
0.612096
0.564276
