0.507824
0.337218
0.189711
0.0499728
1.67986e-16
2.73807e-17
0.0214219
0.0434592
0.0509353
0.040807
1.15904e-16
8.44694e-17
0.161015
0.643748
1
0.932676
0.808701
0.348334
0.0138628
1.47233e-18
0.11115
0.195637
0.253156
0.146901
0.0960892
5.886e-18
0.0141548
0.393592
0.845775
0.897262
1
0.799882
0.621594
0.631285
0.673688
0.68676
1
1
0.275529
0.397677
0.372682
0.456188
0.682158
1
0.802025
0.535972
4.90956e-18
0.311038
0.710386
0.452592
0.118209
0.156247
0.290109
0.529168
0.69231
0.94982
1
0.826406
0.501467
0.153528
0.0134025
0
0.03408
0.321072
1
0.978759
0.873504
0.320281
0.135754
1.01445e-17
5.19649e-17
0.0384413
0.165516
0.419581
0.78669
1
0.862972
0.537483
0.0837603
1.52777e-17
0.102347
1.0939e-17
1.41298e-16
0.0319307
0.294041
0.681051
0.848292
1
0.765239
0.478139
0.270101
0.216278
0.0206406
8.32149e-19
6.88971e-17
0.0241961
0.22876
0.798707
1
0.903654
0.917531
0.845153
0.714158
0.63289
0.584572
