0.976857
0.952342
0.914993
0.78025
0.696294
0.627938
0.537662
0.455936
0.345044
0.210334
0.0701999
0.0236983
0.210896
0.654226
1
0.994304
1
0.950079
0.853333
0.958585
0.995607
1
1
0.948107
0.843197
0.75439
0.750373
0.816801
1
0.949188
1
0.727816
0.365883
0.221246
0.0873402
1.23923e-19
0.0573819
0.154491
0
0.24027
0.220984
0.344396
0.627881
1
0.840581
0.589732
0
1.41141e-19
0.179764
0.0881124
0
0.0447993
0.156263
0.426414
0.606896
0.880775
1
1
0.927489
0.646006
0.447277
0.351451
0.385999
0.567337
1
1
0.95478
0.509017
0.312151
0.0462981
3.04179e-19
0.0664762
0.22849
0.475218
0.79766
1
0.946194
0.765056
0.519753
0.513341
0.616593
0.599137
0.659283
0.7108
0.757084
0.895588
0.883866
1
0.908649
0.889634
0.960076
1
0.979286
0.907516
0.805268
0.704362
0.814183
1
1
0.92415
1
1
0.95865
0.97617
1
