0.73822
0.566025
0.379548
0.16512
0.0426054
0
0.00378609
0.0239369
0.0376507
0.0355796
7.20116e-17
1.64252e-17
0.155147
0.633196
1
0.954785
0.855949
0.415691
0.0467678
0
0.137889
0.258267
0.320823
0.198312
0.114518
0
0.0590677
0.479959
0.931746
0.945135
1
0.680454
0.304723
0.19432
0.0776643
1.44024e-17
0.159785
0.255702
0
0.381732
0.413151
0.495151
0.701146
1
0.801161
0.547091
0
0.208178
0.527483
0.284535
2.48184e-17
0.0756127
0.2255
0.488494
0.662118
0.928742
1
0.860636
0.566229
0.210003
0.0420813
0
0.025791
0.306912
1
0.99584
0.914006
0.371327
0.169164
0
0
0.0474043
0.183226
0.437006
0.7947
1
0.864471
0.542293
0.0888941
0
0.102107
5.73219e-17
0
0.0419431
0.306306
0.685714
0.847033
1
0.786214
0.530752
0.34344
0.275142
0.0528896
0
4.80439e-17
0.027706
0.229942
0.792726
1
0.94028
1
0.967438
0.877708
0.841167
0.810481
