0.965093
0.882679
0.773154
0.581134
0.452972
0.365529
0.291781
0.236207
0.168711
0.0910334
0.00404281
9.20607e-25
0.154348
0.619421
1
1
1
0.829212
0.641443
0.742854
0.883461
1
0.996031
0.856509
0.674994
0.518734
0.509767
0.706943
1
0.959334
1
0.690459
0.319122
0.199372
0.0789875
6.07414e-25
0.121496
0.220768
0
0.31313
0.317303
0.417451
0.661179
1
0.83145
0.591933
0
0.0280154
0.282007
0.154795
1.19573e-24
0.0787988
0.212809
0.471826
0.644524
0.911583
1
0.914906
0.67452
0.304182
0.0863006
2.62556e-24
0.0559126
0.355691
1
1
0.93485
0.427131
0.217133
1.40568e-24
0
0.0690072
0.224697
0.476142
0.810785
1
0.877693
0.578501
0.144908
0.0428791
0.125022
0.00541878
1.4736e-16
0.0473703
0.30135
0.660364
0.826702
1
0.898438
0.837626
0.869032
0.886736
0.769468
0.640747
0.535171
0.464273
0.609413
0.937807
1
0.919629
1
1
0.953797
0.975438
1
