0.771356
0.60269
0.413604
0.18902
0.0540065
2.15207e-16
2.11867e-16
0.0198198
0.0348892
0.0345052
6.25907e-17
1.62617e-16
0.154379
0.631354
1
0.959196
0.865273
0.428808
0.0528283
1.31795e-16
0.14601
0.276502
0.341065
0.215248
0.12243
3.11213e-17
0.0597941
0.483381
0.935048
0.9467
1
0.680773
0.305224
0.194291
0.0775297
0
0.157188
0.253607
3.72772e-17
0.375528
0.404402
0.488003
0.697425
1
0.80415
0.551608
3.98241e-17
0.191711
0.504928
0.27253
2.79529e-17
0.0763739
0.22481
0.48709
0.66039
0.926962
1
0.865871
0.576929
0.219672
0.0470298
2.51022e-17
0.0252658
0.305643
1
0.999027
0.921624
0.381354
0.175921
1.26796e-17
1.05073e-16
0.0493922
0.187143
0.44086
0.796474
1
0.864842
0.543423
0.0900855
0
0.102054
3.6248e-18
7.86499e-17
0.0443559
0.309352
0.687046
0.84686
1
0.790711
0.542035
0.359176
0.287813
0.0598775
1.14407e-16
0
0.0310486
0.236534
0.796433
1
0.938533
1
0.974865
0.892771
0.865336
0.840698
