0.576036
0.396996
0.231108
0.0673163
9.06821e-17
5.71596e-21
0.0219078
0.0443744
0.0518851
0.0413474
4.08946e-23
0
0.159397
0.641142
1
0.937781
0.819682
0.364093
0.0217756
8.60441e-17
0.115608
0.206592
0.264733
0.154877
0.0979709
1.0145e-16
0.0285367
0.420143
0.87222
0.911997
1
0.762403
0.514461
0.469076
0.429363
0.36635
0.546723
0.50305
0
0.32106
0.357664
0.460059
0.685758
1
0.804986
0.545921
9.54016e-22
0.256352
0.597379
0.3226
1.117e-16
0.074469
0.230099
0.495307
0.669877
0.936265
1
0.840704
0.525672
0.173331
0.0231595
0
0.0299008
0.314894
1
0.983449
0.884438
0.333363
0.14403
0
3.6694e-17
0.0403773
0.169348
0.423352
0.788422
1
0.863272
0.538483
0.0848362
1.14318e-16
0.102295
0
1.09629e-16
0.0339681
0.296477
0.681864
0.847951
1
0.769873
0.48976
0.286292
0.229246
0.0277156
1.03931e-16
3.86757e-16
0.0210464
0.219345
0.789743
1
0.926532
0.9625
0.899883
0.778671
0.706023
0.656036
