0.683094
0.504666
0.322156
0.124418
0.0228092
2.0409e-23
0.0121321
0.0333368
0.0442031
0.0382436
1.04377e-17
6.72529e-17
0.156503
0.636175
1
0.947916
0.841402
0.395294
0.0373743
0
0.125499
0.230278
0.289772
0.172537
0.102696
6.30387e-19
0.0566459
0.472267
0.924096
0.941192
1
0.684997
0.316683
0.210671
0.0984259
0.0209366
0.184802
0.271912
0
0.386847
0.42212
0.503087
0.705451
1
0.797183
0.540674
2.67616e-24
0.233568
0.562521
0.303276
0
0.0743117
0.226472
0.490675
0.664866
0.93159
1
0.85238
0.549316
0.194682
0.0341981
0
0.0270867
0.309632
1
0.990691
0.901704
0.355343
0.158491
0
0
0.0443435
0.177187
0.431065
0.791967
1
0.863928
0.540598
0.0870971
0
0.102189
1.17468e-16
0
0.0383608
0.30184
0.683869
0.847373
1
0.779185
0.513117
0.318849
0.25537
0.0420181
1.83224e-16
2.004e-17
0.0225253
0.219682
0.786924
1
0.94317
1
0.955429
0.853143
0.801433
0.76041
