0.981318
0.990992
1
0.948551
0.966419
1
0.987696
0.98872
0.943594
0.843972
0.763677
0.6956
0.717631
0.829063
1
0.98472
1
1
0.931055
1
1
1
1
1
0.972366
0.959656
0.980515
0.931837
1
0.943785
1
0.765801
0.399454
0.220319
0.0747458
0
8.49926e-21
0.0783485
0
0.137535
0.0965393
0.2536
0.58773
1
0.842798
0.568825
2.57672e-17
2.30523e-20
0.0630138
1.79112e-20
0
0.00871361
0.114531
0.411835
0.613498
0.896415
1
1
1
0.85795
0.757108
0.719117
0.763264
0.826185
1
1
1
0.726058
0.684426
0.551714
0.504626
0.533194
0.62645
0.738287
0.902427
1
0.975522
0.865326
0.729229
0.768353
0.871894
0.89355
0.968293
1
0.961015
1
0.910399
1
0.945649
0.954489
1
1
1
0.989191
0.920978
0.821386
0.905674
1
1
0.946505
1
1
0.973214
0.989595
1
