0.708851
0.533349
0.348987
0.143446
0.0320654
6.19002e-17
0.00819387
0.0288842
0.0410886
0.0369734
0
7.14288e-17
0.155835
0.634767
1
0.951105
0.848164
0.404787
0.0417753
1.75887e-17
0.131003
0.242763
0.303584
0.18389
0.107783
7.20806e-18
0.0586179
0.477278
0.929101
0.943874
1
0.680183
0.304313
0.194361
0.0777939
0
0.161861
0.257319
8.06506e-18
0.386994
0.42058
0.501228
0.704315
1
0.798592
0.543197
0
0.222183
0.54669
0.29478
5.19119e-17
0.074877
0.225979
0.48963
0.663561
0.930249
1
0.856209
0.557158
0.201788
0.0378604
0
0.0264128
0.30826
1
0.993092
0.907438
0.362761
0.163428
0
0
0.0457467
0.179957
0.43379
0.793221
1
0.864173
0.541368
0.0879154
1.6151e-17
0.102152
4.89442e-17
0
0.0399828
0.303853
0.684684
0.847206
1
0.782423
0.521242
0.330179
0.264475
0.0470195
6.54511e-17
0
0.0249047
0.2244
0.789596
1
0.941819
1
0.961005
0.864575
0.819959
0.78379
