0.813899
0.651031
0.460627
0.225135
0.0758542
0.00743943
1.65816e-16
0.0175208
0.03287
0.0336392
0
6.59685e-18
0.134386
0.609189
1
0.990446
0.941299
0.589544
0.250024
0.232657
0.37248
0.484891
0.489391
0.311657
0.162625
0
0.0405691
0.466264
0.925262
0.943067
1
0.68611
0.312221
0.198209
0.0792354
1.53667e-16
0.153022
0.250046
1.24642e-17
0.368356
0.394203
0.479646
0.693075
1
0.807637
0.556885
3.68903e-17
0.171996
0.477916
0.258147
0
0.0772786
0.224087
0.485625
0.658621
0.92513
1
0.87158
0.588415
0.229713
0.0517974
1.79235e-17
0.0276033
0.309481
1
1
0.924841
0.387961
0.181233
0
5.96893e-17
0.0518208
0.191924
0.445562
0.798641
1
0.865313
0.544835
0.0915665
0
0.101989
2.02156e-17
9.4493e-18
0.0473922
0.313223
0.68881
0.846698
1
0.796136
0.555644
0.378156
0.303115
0.0683389
1.35809e-17
8.78582e-17
0.0351452
0.244603
0.800972
1
0.936388
1
0.984115
0.91154
0.895679
0.879151
