0.602965
0.420659
0.247548
0.0742292
3.80713e-16
4.97833e-16
0.0221102
0.0447556
0.0522807
0.0415727
1.87778e-16
2.57684e-17
0.158697
0.640024
1
0.939963
0.824381
0.370903
0.0252782
1.40837e-16
0.117049
0.210254
0.268448
0.15707
0.0980129
9.56492e-17
0.0362966
0.434167
0.886171
0.919848
1
0.741407
0.460421
0.397765
0.337087
0.268424
0.443233
0.436292
8.06405e-17
0.340901
0.377727
0.473779
0.692141
1
0.802165
0.543546
5.70997e-17
0.252748
0.591388
0.319198
5.00333e-17
0.0742359
0.229102
0.494168
0.668701
0.935209
1
0.843182
0.530663
0.177829
0.0254902
4.21064e-17
0.0292135
0.313648
1
0.98498
0.888085
0.337962
0.147035
6.85789e-17
8.44386e-17
0.0411834
0.170942
0.424921
0.789143
1
0.863401
0.538905
0.0852896
9.05196e-17
0.102274
2.57471e-16
1.02048e-16
0.0348375
0.297527
0.682235
0.847821
1
0.771785
0.494555
0.292975
0.234603
0.0306432
3.14727e-16
1.27989e-16
0.0198838
0.215784
0.786279
1
0.935596
0.98028
0.921461
0.804066
0.734825
0.684215
