0.959321
0.848439
0.701448
0.478916
0.328578
0.235159
0.176801
0.14381
0.107047
0.062225
4.19381e-17
2.95428e-17
0.137042
0.608029
1
1
1
0.785482
0.565438
0.671113
0.85364
1
0.96147
0.767818
0.551797
0.36741
0.367531
0.646499
1
0.965845
1
0.672681
0.295587
0.186931
0.0736638
3.49652e-17
0.145079
0.243121
7.71092e-18
0.347168
0.364763
0.455789
0.680766
1
0.817111
0.570985
4.8846e-18
0.117928
0.404102
0.219022
1.41864e-17
0.0789804
0.221223
0.481213
0.653707
0.920207
1
0.887194
0.61955
0.256597
0.064194
7.75557e-18
0.0373004
0.32566
1
1
0.92832
0.401669
0.193785
6.45103e-18
3.12108e-17
0.0587545
0.205541
0.458958
0.804823
1
0.866774
0.549051
0.0959511
5.70112e-17
0.101808
6.18185e-17
1.0745e-16
0.0544365
0.321205
0.690702
0.844838
1
0.816256
0.608425
0.460391
0.38636
0.14924
0.0612988
0.0581555
0.0925096
0.303132
0.825677
1
0.931264
1
1
0.952795
0.976577
1
