0.961803
0.863139
0.732351
0.523043
0.382182
0.290982
0.225404
0.181965
0.131393
0.0723482
7.62829e-17
1.66154e-16
0.144575
0.612878
1
1
1
0.803634
0.597025
0.700806
0.865775
1
0.976174
0.805729
0.604611
0.432213
0.428371
0.67223
1
0.963033
1
0.680183
0.305593
0.19229
0.0759736
8.12319e-17
0.135542
0.234256
2.82668e-17
0.332753
0.344557
0.439403
0.672352
1
0.823422
0.580301
1.38137e-17
0.079519
0.351838
0.191464
5.04345e-17
0.0793476
0.218144
0.47747
0.649892
0.916552
1
0.898808
0.642625
0.276548
0.0734343
5.75998e-17
0.0448682
0.338024
1
1
0.930997
0.412149
0.20339
5.07091e-17
8.29814e-17
0.0631122
0.213745
0.46641
0.807533
1
0.87083
0.559998
0.113641
0.0145297
0.108539
1.07906e-16
1.02084e-16
0.0510939
0.311221
0.675977
0.836391
1
0.852985
0.711408
0.644811
0.613063
0.430617
0.324054
0.27375
0.259629
0.440012
0.875404
1
0.925891
1
1
0.953131
0.975986
1
