0.640013
0.456649
0.277231
0.092557
0.00730396
0
0.018861
0.0410072
0.0496077
0.0404619
0
0
0.157991
0.638843
1
0.942336
0.829476
0.378237
0.0289728
0
0.119152
0.21536
0.273799
0.16071
0.0988161
0
0.043413
0.447253
0.899193
0.927177
1
0.721908
0.410517
0.332411
0.253171
0.180483
0.350925
0.377198
0
0.358051
0.394713
0.485208
0.6974
1
0.799993
0.541946
8.43649e-18
0.247794
0.583664
0.314889
0
0.0741466
0.228195
0.493043
0.667498
0.934097
1
0.84591
0.536179
0.182811
0.0280686
1.04584e-16
0.0285118
0.312354
1
0.986676
0.892126
0.343085
0.150396
8.41867e-17
0
0.0420968
0.172748
0.426698
0.78996
1
0.86355
0.539389
0.0858071
0
0.10225
0
0
0.035837
0.298742
0.682679
0.847681
1
0.773939
0.499958
0.300505
0.240643
0.033947
0
0
0.0186988
0.212073
0.782601
1
0.945429
1
0.946235
0.834191
0.770596
0.721363
