0.969839
0.910786
0.831311
0.663781
0.554545
0.474824
0.392969
0.324409
0.236365
0.132907
0.0220442
3.18017e-16
0.166736
0.62849
1
1
1
0.872219
0.718837
0.821941
0.923771
1
1
0.894705
0.742975
0.612769
0.604778
0.749692
1
0.955081
1
0.704842
0.337727
0.208703
0.0828661
1.42155e-16
0.0987124
0.19782
5.1551e-17
0.285466
0.279967
0.388585
0.647563
1
0.837261
0.596112
6.86128e-17
3.38326e-17
0.228384
0.124013
0
0.0668691
0.190237
0.451574
0.625909
0.895476
1
0.955218
0.762613
0.401297
0.1696
0.0665986
0.125606
0.407851
1
1
0.940886
0.450351
0.238457
1.09236e-16
2.30555e-16
0.075709
0.235985
0.483959
0.810386
1
0.897284
0.632802
0.251399
0.170339
0.249585
0.143867
0.142787
0.192565
0.403288
0.711775
0.837449
1
0.915229
0.88907
0.959516
1
0.937034
0.827239
0.713093
0.621383
0.752543
0.994099
1
0.916162
1
1
0.955159
0.975089
1
