0.908906
0.77427
0.6056
0.373441
0.219852
0.134262
0.0963883
0.0851261
0.0719286
0.048459
0
8.25732e-18
0.131521
0.604472
1
1
0.988303
0.744459
0.510406
0.615975
0.816662
0.976596
0.933852
0.726728
0.503418
0.312199
0.317524
0.625866
1
0.968139
1
0.66689
0.287811
0.182709
0.0718387
2.309e-17
0.151942
0.249316
2.8992e-17
0.358257
0.3804
0.468528
0.687347
1
0.812029
0.563397
2.64575e-17
0.147822
0.444899
0.240617
2.71257e-17
0.078223
0.223046
0.483802
0.656514
0.92298
1
0.878424
0.602083
0.241511
0.0572306
3.07406e-17
0.0317926
0.316519
1
1
0.926351
0.393922
0.18669
3.75506e-18
1.00849e-19
0.0548551
0.197889
0.45143
0.801346
1
0.865932
0.546646
0.0934568
9.69758e-18
0.101909
1.11641e-16
1.01134e-16
0.0515932
0.31879
0.691724
0.846786
1
0.802178
0.570652
0.398541
0.31876
0.0760749
0
0.00453703
0.0457823
0.260269
0.809025
1
0.932398
1
1
0.945065
0.953995
0.960486
