0.528728
0.355513
0.20236
0.0552628
2.88626e-16
3.58677e-16
0.0215668
0.0437322
0.0512186
0.0409681
0
0
0.160887
0.643337
1
0.933724
0.810879
0.351112
0.0147687
0
0.115098
0.204363
0.263177
0.155912
0.100973
0
0.00867004
0.385165
0.837427
0.892421
1
0.815112
0.651792
0.653243
0.67136
0.629758
0.829395
0.688342
9.54503e-17
0.265268
0.299681
0.419498
0.666601
1
0.814108
0.554603
3.22589e-17
0.258609
0.603299
0.326284
2.00921e-16
0.0756519
0.232763
0.497932
0.672389
0.938381
1
0.836242
0.516807
0.165385
0.0190474
3.72334e-17
0.0312459
0.317265
1
0.980778
0.878083
0.325413
0.138864
0
0
0.0390189
0.166659
0.420706
0.787207
1
0.86306
0.537779
0.0840794
0
0.102332
0
0
0.032531
0.294755
0.681282
0.848186
1
0.766628
0.481622
0.274953
0.220162
0.022758
0
0
0.0232009
0.225817
0.795932
1
0.910653
0.931302
0.861937
0.733957
0.655329
0.606486
