0.598155
0.433745
0.275866
0.119041
0.0310436
0
2.35973e-17
0.00690559
0.0117358
0.0116583
3.80687e-17
0.0215614
0.228829
0.678723
1
0.998928
0.899039
0.572853
0.185892
0.0153065
2.03523e-16
0.0362503
0.0602561
0.0128415
0.0101573
1.37296e-16
0.009549
0.332659
0.742113
0.950022
1
0.989699
0.760227
0.525979
0.403591
0.228042
0.111646
0.0779694
1.64649e-16
0.241917
0.375463
0.521498
0.714756
1
0.832244
0.519448
0.020806
4.90263e-17
0.209999
0.147497
3.79255e-17
0.1183
0.30647
0.554347
0.727667
0.962197
1
0.871997
0.555228
0.215711
0.0332321
4.99835e-17
0.0865188
0.381236
0.922373
1
0.942336
0.517561
0.220801
8.04279e-18
1.03179e-16
0.0696462
0.208034
0.420816
0.697782
1
0.911566
0.69476
0.309758
0.0702131
0.0770405
0.0053058
1.08304e-16
0.107024
0.322709
0.665228
0.887668
0.994377
1
0.7664
0.546155
0.347006
0.151167
1.2507e-16
0.00242571
0.0298475
0.169287
0.544187
1
0.949032
1
0.988614
0.897099
0.781648
0.711772
0.628002
