-1.66539 0.476861 -1.46413 -1.46207
1.33022 0.639 1.40834 -1.12578
4.32809 0.720829 4.35017 -0.905685
7.32808 0.726641 7.33563 -0.844619
10.3279 0.753147 10.3503 -0.753983
13.3275 0.802416 13.3531 -0.668366
16.327 0.856024 16.3489 -0.636221
19.3268 0.889849 19.3377 -0.597507
22.3265 0.885882 22.3103 -0.603077
25.3261 0.834479 25.2857 -0.667461
28.3237 0.718741 28.2636 -0.715133
31.3212 0.59598 31.2651 -0.793294
34.3188 0.476076 34.2634 -0.925947
37.3172 0.382425 37.2784 -1.33175
40.2551 0.0156687 39.5606 -1.92215
42.8748 -1.4148 41.3842 -3.23623
44.6978 -3.74828 42.6572 -4.72861
45.3649 -6.64133 43.5079 -6.80914
45.5259 -9.63581 43.6223 -9.61051
45.2061 -12.6121 43.3953 -12.2592
44.3922 -15.4935 42.6849 -14.8224
43.0346 -18.1609 41.5139 -17.1625
41.1412 -20.4782 39.792 -19.1057
38.7691 -22.2845 37.7263 -20.684
36.1655 -23.7524 35.3201 -21.9442
33.3727 -24.823 32.832 -23.005
30.4743 -25.5952 30.0082 -23.9987
27.6106 -26.4892 27.1379 -24.8085
24.6959 -27.1943 24.3498 -25.3201
21.7271 -27.4535 21.9534 -25.2741
18.8165 -26.7266 19.662 -24.7096
16.3944 -25.0393 17.5087 -23.7401
14.1869 -23.0103 15.1957 -21.8908
11.8851 -21.0868 12.9806 -19.6963
9.49693 -19.2718 10.7327 -17.7199
7.04971 -17.5611 8.02518 -15.832
4.31036 -16.4726 4.65392 -14.5664
1.31371 -16.331 1.12425 -14.7179
-1.54901 -17.1947 -2.65649 -15.3305
-3.24131 -19.4125 -5.46542 -18.3869
-4.19584 -22.2127 -6.80717 -21.8183
-4.26336 -25.211 -7.04038 -25.3017
-3.99848 -28.199 -6.58999 -28.4743
-3.9661 -31.1727 -6.00712 -30.9424
-4.57614 -34.0873 -6.74068 -33.222
-6.06484 -36.6919 -7.74297 -35.8582
-7.24045 -39.4519 -9.11393 -38.9879
-7.05914 -42.3016 -8.44776 -42.771
-5.6412 -44.8989 -6.8536 -45.8027
-3.73262 -47.2097 -5.0212 -48.4156
-1.41297 -49.0405 -2.32948 -50.7381
1.40177 -49.7988 1.19625 -52.1094
4.39467 -49.8312 4.68985 -52.3246
7.3099 -49.1231 7.89032 -52.1103
10.2792 -48.7671 10.4513 -51.6752
13.2698 -48.7795 13.061 -51.1632
16.2082 -49.3207 15.5717 -51.445
18.9207 -50.5564 17.7742 -52.2899
21.2802 -52.4072 19.951 -53.9023
23.334 -54.5787 21.6712 -55.981
25.1646 -56.9484 23.2224 -58.2939
26.7792 -59.4746 24.7036 -60.6377
28.1111 -62.1628 26.1472 -62.9219
28.8975 -65.0527 27.0604 -65.4087
29.1571 -68.0265 27.1554 -67.9476
28.5731 -70.9386 26.185 -69.7862
26.5314 -73.0124 25.4829 -70.5484
23.5568 -73.3848 23.4651 -71.0371
20.5591 -73.2692 20.8308 -71.2203
17.6581 -72.546 18.1722 -70.7207
14.7626 -71.7627 15.1951 -70.0831
11.8522 -71.0349 12.2621 -69.3784
8.93825 -70.3216 9.33173 -68.7114
6.02369 -69.6107 6.41712 -67.9946
3.11248 -68.8864 3.5383 -67.2127
0.216534 -68.1153 0.895759 -66.4432
-2.40704 -66.6603 -1.23897 -64.9882
-4.5786 -64.6161 -3.03481 -63.3158
-6.31996 -62.1762 -5.07442 -61.1955
-8.33188 -59.9539 -7.26112 -58.9036
-10.5157 -57.8989 -9.36177 -56.7525
-12.4958 -55.6489 -11.3461 -54.6689
-14.4573 -53.3792 -13.4189 -52.464
-16.4315 -51.1205 -15.4417 -50.2721
-18.3997 -48.8569 -17.4028 -47.9616
-20.4295 -46.6479 -19.313 -45.6196
-22.4654 -44.4445 -20.9358 -43.0281
-24.1528 -42.0359 -22.0188 -41.136
-24.8576 -39.1392 -22.88 -38.8884
-25.0275 -36.1477 -23.1838 -36.1347
-24.9475 -33.1488 -23.3764 -33.2057
-24.805 -30.1523 -23.3029 -30.2577
-24.4448 -27.1803 -22.9547 -27.4337
-23.9036 -24.2295 -22.4535 -24.4976
-23.355 -21.2801 -21.8267 -21.621
-22.5893 -18.3801 -21.0058 -18.8308
-21.699 -15.5162 -20.2442 -15.9936
-20.7853 -12.6589 -19.3951 -13.0925
-19.9023 -9.79178 -18.4531 -10.5581
-18.025 -7.45504 -16.7195 -8.61992
-15.8973 -5.34482 -14.7118 -6.62919
-13.5959 -3.42822 -12.4423 -5.02385
-11.0781 -1.8032 -10.1319 -3.92586
-8.20316 -0.946057 -7.60947 -3.00967
-5.30282 -0.185525 -4.85454 -2.16135
-2.35673 0.370401 -2.10141 -1.57778
-1.66539 0.476861 -1.46413 -1.46207
