-1.76877 1.47273
2.75887 1.71779
8.77662 1.72945
12.033 1.77944
16.5372 1.85994
21.0316 1.90822
25.8225 1.82612
29.0061 1.6906
32.852 1.53478
36.0521 1.40841
39.6383 1.33534
41.8391 0.46412
43.7929 -0.82191
45.3101 -2.62882
46.1534 -4.6226
46.4201 -7.10013
46.5302 -9.60472
46.3741 -11.9501
45.8382 -14.4063
45.0904 -16.5174
43.6611 -19.0929
41.3695 -21.7431
37.8881 -24.0806
34.6179 -25.5353
31.2358 -26.4051
27.4331 -27.5923
24.4847 -28.2688
21.9379 -28.5369
17.7742 -27.497
14.9707 -25.1522
13.462 -23.7006
11.3498 -21.9352
9.28279 -20.3879
7.48133 -18.9172
4.77393 -17.4957
1.28556 -17.3308
-1.63592 -18.2735
-3.18152 -21.7267
-3.27574 -25.0181
-3.08001 -27.4259
-2.77791 -30.0805
-3.42013 -34.08
-5.17245 -37.1458
-6.55239 -40.3889
-5.8665 -42.8592
-4.37961 -44.9463
-2.17502 -47.4744
0.145845 -48.7616
4.08661 -48.877
8.05277 -47.9136
11.9579 -47.6527
14.9572 -47.9326
17.6056 -48.6731
19.5685 -49.7731
22.6045 -52.1813
25.3383 -55.3887
27.524 -58.7253
29.1618 -62.031
30.0987 -65.7196
30.1827 -69.02
29.2812 -72.0714
26.9877 -73.9601
23.763 -74.3935
19.9814 -74.2477
15.6989 -73.0276
11.5224 -71.9832
7.55219 -71.012
3.99111 -70.1451
-0.0688375 -69.1005
-3.4443 -67.2286
-5.49244 -65.1096
-7.24794 -62.5938
-9.36326 -60.3123
-11.5472 -58.3099
-14.4172 -54.9319
-16.5207 -52.5588
-18.5815 -50.137
-21.8144 -46.6187
-24.7287 -43.4728
-25.7523 -40.3957
-26.0497 -36.9677
-25.9336 -32.6169
-25.7283 -28.6417
-25.0034 -24.6739
-24.2942 -20.8609
-23.307 -17.2012
-22.1337 -13.64
-20.7905 -9.27817
-18.4652 -6.41012
-15.6043 -3.68457
-13.5765 -2.16362
-11.5166 -0.890443
-7.04543 0.442611
-4.11136 1.11199
