-1.20738 -2.4318
3.17608 -1.92991
8.98356 -1.81112
12.1297 -1.68155
16.7887 -1.63156
21.014 -1.57526
25.9473 -1.68201
29.0461 -1.72646
32.61 -1.83454
35.9568 -2.02276
39.9063 -3.04449
42.1959 -5.72873
42.642 -7.45517
42.6202 -9.84319
42.5221 -11.4684
42.1577 -13.4836
41.4542 -15.1795
40.5306 -16.8774
38.5161 -18.9965
36.202 -20.4685
32.7567 -21.9714
28.4716 -23.4794
25.4417 -24.1691
22.9623 -24.4928
18.7915 -23.4652
16.1718 -21.4501
13.5619 -18.8645
11.8876 -17.3619
10.3016 -16.097
6.79743 -13.8637
4.32627 -13.5092
1.12099 -13.7115
-2.75585 -14.1634
-4.81657 -15.6741
-7.15472 -19.0812
-8.18617 -23.214
-7.90981 -27.2366
-7.01094 -31.0427
-8.4232 -34.9188
-10.3458 -39.3079
-9.21781 -43.8126
-6.92239 -47.6283
-4.608 -50.5454
-2.35477 -51.8869
-0.167867 -52.8884
2.03912 -53.2699
4.15536 -53.3626
8.74973 -53.055
12.9949 -52.1621
16.4444 -52.5493
19.5875 -54.8775
21.4026 -57.2862
25.2604 -63.3905
26.2022 -65.9743
26.1455 -68.3532
24.7081 -69.9135
21.12 -70.2572
16.891 -69.4625
12.5486 -68.418
8.61208 -67.5221
5.12786 -66.634
1.2898 -65.5164
-0.913485 -63.9981
-3.19478 -61.7567
-4.89179 -59.9194
-7.3447 -57.3767
-9.32656 -55.3625
-11.9291 -52.5835
-13.9927 -50.4027
-15.8576 -48.2895
-17.4234 -46.338
-18.9655 -44.4696
-20.871 -41.1193
-21.7851 -39.5511
-22.1204 -36.9785
-22.3802 -33.3731
-22.2912 -29.8031
-21.6855 -25.6702
-20.8416 -21.7972
-19.7359 -18.0648
-18.8018 -14.3667
-17.4919 -10.8424
-15.5632 -8.86714
-13.9436 -7.27635
-11.8336 -5.81878
-9.60496 -4.78371
-6.35983 -3.62543
-3.79839 -2.90226
