15
15
-5.7359e-05
15
15
15
15
15
15
15
15
14.8863
13.2218
12.3526
11.8623
11.5381
10.6508
9.93245
9.93245
10.5652
10.5652
11.9263
12.573
12.573
13.6466
14.634
14.4466
13.8371
14.1687
13.9083
13.5601
13.5601
14.5655
15
13.4812
11.5787
10.1453
9.20713
8.74561
8.98775
8.98775
11.2552
13.4685
15
15
13.5581
11.2984
9.73723
9.73723
10.3041
10.7777
11.9635
13.2763
15
15
15
14.0304
13.2709
12.8838
12.5099
12.0635
11.1829
9.52481
8.55849
8.55849
9.76359
8.78055
8.51447
8.51447
10.5444
12.5387
14.7285
15
15
15
15
15
15
15
15
15
15
15
15
15
15
15
15
15
15
15
15
15
15
15
15
15
15
15
14.9995
14.8504
15
15
15
15
15
