0.0413293
4.68545e-16
4.13996e-16
0.0967244
2.64979e-16
2.03135e-16
0.263827
0.610408
0.768386
0.872246
1
1
0.795596
0.48115
3.63476e-17
0.0795978
0.326562
0.762044
0.982951
1
0.817925
0.536077
0.0583674
3.90541e-16
1.62552e-16
0.156292
0.561188
0.949511
1
0.711461
0.198583
4.42685e-17
0.0432613
9.53579e-17
0.202509
0.30615
0.174159
1.01242e-16
5.83492e-17
7.86839e-17
1.2781e-16
1.45646e-17
0.00161361
0.0488485
0.0520895
8.21844e-17
0.212451
0.733693
1
0.851382
0.509551
0.283675
0.140208
2.12327e-17
0
4.46369e-17
6.05029e-17
0.0921566
0.413779
1
1
1
0.931434
0.700483
0.549449
1.94971e-16
1.49876e-17
0.0554616
0.526036
0.932
1
1
0.413571
7.44611e-17
0.0481741
