-48.8761 -8.4915 -47.2286 -8.37911
-48.3421 -5.56535 -46.7952 -6.15089
-46.7262 -3.08298 -45.6997 -4.08172
-44.4287 -1.17028 -43.6255 -2.71605
-41.5478 -0.370029 -41.2961 -1.85658
-38.5636 -0.148304 -38.5606 -1.52946
-35.5658 -0.255578 -35.6253 -1.33306
-32.5946 -0.571482 -32.8923 -1.85544
-29.7541 -1.52944 -30.2827 -2.70906
-27.1641 -3.03878 -27.683 -3.83602
-24.6836 -4.72531 -25.0244 -5.25111
-22.1431 -6.32096 -22.4692 -6.83965
-19.5543 -7.82854 -19.928 -8.55892
-16.835 -9.09098 -17.2482 -10.1584
-13.9803 -10.0027 -13.9838 -11.2659
-11.1143 -9.11595 -10.3845 -10.5682
-8.7421 -7.30025 -7.81691 -8.27847
-6.80203 -5.02307 -5.90674 -5.78421
-4.76103 -2.82659 -3.98371 -3.68572
-2.34569 -1.06026 -1.80918 -1.99178
0.394623 0.139547 0.740453 -0.943747
3.32488 0.706357 3.37831 -0.417333
6.32437 0.661174 6.3166 -0.131988
9.3116 0.848666 9.3678 -0.106472
12.3105 0.929316 12.3357 -0.0323446
15.3095 1.00568 15.3343 0.161579
18.3073 1.11841 18.3344 0.186478
21.3051 1.08462 21.1965 -0.0167984
24.1635 0.293252 23.6624 -0.697822
26.5973 -1.4377 26.0924 -2.11334
29.0492 -3.16054 28.4991 -4.08437
31.7295 -4.48513 31.3177 -5.88313
34.7038 -4.87287 34.5559 -6.3623
37.6955 -5.05616 37.7064 -6.34994
40.6894 -4.91259 40.6644 -6.38609
43.6378 -5.30717 43.078 -6.98662
46.1016 -6.93144 44.6863 -8.12279
47.4863 -9.56396 45.2481 -10.268
47.5233 -12.4891 45.3853 -11.6707
45.7327 -14.8716 44.2924 -13.1382
43.0336 -16.1 42.6569 -14.5675
40.0801 -16.607 39.9086 -15.1439
37.0912 -16.8649 36.9932 -15.6555
34.1002 -17.0973 34.0096 -16.099
31.1162 -17.4066 30.9562 -16.1991
28.1646 -17.9306 27.8012 -16.7274
25.5009 -19.256 24.7359 -18.0751
23.0673 -20.9991 22.4813 -19.9929
20.3552 -22.2815 20.0284 -21.424
17.4727 -23.1041 17.291 -22.1991
14.4957 -23.4526 14.4078 -22.6555
11.5155 -23.7972 11.4349 -23.0623
8.52962 -24.0824 8.48149 -23.4991
5.5402 -24.3329 5.48915 -23.7819
2.55505 -24.6311 2.49571 -24.0261
-0.431293 -24.9169 -0.493809 -24.2523
-3.41818 -25.1971 -3.48846 -24.449
-6.40499 -25.478 -6.48508 -24.6286
-9.39168 -25.7604 -9.46885 -24.8096
-12.3803 -25.817 -12.3192 -24.9664
-15.2855 -25.1857 -14.9094 -24.1861
-18.0076 -23.936 -17.3246 -22.9342
-20.1233 -21.8213 -19.4178 -21.239
-22.0792 -19.5469 -21.4815 -18.9833
-24.2312 -17.4576 -23.5933 -16.7906
-26.404 -15.389 -26.0255 -14.7666
-29.242 -14.4754 -28.9903 -13.1741
-32.1874 -14.4627 -32.4323 -13.108
-35.0066 -15.4115 -35.4577 -14.2583
-37.8657 -16.3054 -38.0795 -15.1569
-40.8461 -16.4196 -40.74 -15.3845
-43.7624 -15.7524 -43.4156 -14.9844
-46.1234 -13.9258 -45.6799 -13.4829
-47.8837 -11.5263 -46.9762 -11.068
-48.8238 -8.69716 -47.2271 -8.53495
-48.8761 -8.4915 -47.2286 -8.37911
