-0.540584 -2.65144
2.48742 -1.80544
4.67842 -1.60244
6.97642 -1.37244
9.12342 -1.38444
9.92842 -1.57344
13.6174 -1.21344
17.1524 -1.06144
20.6714 -1.22044
23.9084 -2.11444
26.1354 -3.76244
28.4844 -5.78844
30.9974 -7.19344
33.4574 -7.61344
36.4324 -7.74944
39.3704 -7.52844
42.0944 -7.88344
43.8284 -9.10844
44.0604 -11.4794
42.3654 -13.3004
40.3644 -13.7294
37.9624 -14.2014
35.0914 -14.6174
32.5544 -15.0074
31.8944 -14.7314
29.1474 -15.1734
26.7924 -15.5834
24.7264 -16.4734
22.8244 -17.8594
20.8494 -19.7584
17.9464 -20.7764
14.5594 -21.3234
11.5354 -21.7294
8.89642 -22.1534
5.61342 -22.4674
1.72742 -22.7844
-1.81558 -23.0464
-5.52158 -23.2684
-9.17358 -23.4874
-12.0876 -23.6784
-15.0386 -22.7894
-17.5676 -21.2724
-19.3546 -19.4434
-21.0066 -17.5504
-22.7246 -15.8204
-24.5996 -14.1974
-26.9256 -12.5014
-29.3116 -11.6924
-31.7836 -11.5484
-34.0826 -12.2554
-36.3366 -13.2204
-39.2436 -14.1694
-42.5766 -13.9754
-44.6256 -12.6984
-45.9106 -10.3044
-45.9366 -7.51544
-45.0186 -5.19244
-43.3286 -3.99344
-41.0586 -3.13744
-38.0566 -2.77844
-35.5426 -2.63044
-32.5856 -3.24744
-30.0996 -4.16144
-27.0936 -5.53444
-24.1646 -7.27344
-22.2096 -8.57344
-20.1056 -10.0124
-17.4726 -11.5294
-14.6756 -12.5704
-11.7896 -12.5514
-9.25258 -11.5084
-7.12858 -9.54244
-5.63458 -7.48744
-3.56758 -5.00944
