-50.1946 -8.58144
-49.8796 -5.79744
-48.7556 -3.35244
-47.0416 -1.51544
-45.0706 -0.0124445
-42.5296 0.818555
-39.5916 1.18156
-36.0516 1.08056
-32.7806 0.857556
-29.3486 -0.267444
-26.9876 -1.58044
-24.4126 -3.36044
-21.9266 -4.92144
-19.7226 -6.30744
-16.5886 -7.80444
-13.9886 -8.64444
-11.5516 -7.89044
-9.34558 -6.11744
-7.46158 -3.76744
-5.46058 -1.67744
-3.23458 -0.0444445
-0.532584 1.24856
2.52742 2.00956
4.77842 2.00056
7.19842 1.93956
8.76942 2.13456
12.5994 2.23756
16.2374 2.32956
19.2474 2.46056
22.4544 2.34356
25.1554 1.30456
27.4254 -0.434444
29.4344 -1.89544
31.9444 -3.20244
34.5084 -3.55444
37.3984 -3.77244
40.3204 -3.58644
43.3024 -3.77644
45.5544 -4.66744
47.2424 -6.21344
48.5314 -8.45544
49.0954 -10.5234
48.8974 -12.7174
47.7944 -14.5914
46.4624 -15.9904
44.8174 -16.9594
42.8084 -17.5094
40.4044 -17.8834
37.7414 -18.1184
34.2434 -18.3894
30.6544 -18.7614
28.0664 -19.2754
26.0044 -20.4664
23.9864 -22.0024
20.6534 -23.5784
17.5084 -24.4424
14.4234 -24.7674
10.3434 -25.2424
6.29042 -25.5644
1.74542 -26.0184
-2.79758 -26.4444
-6.82658 -26.8234
-11.0536 -27.2234
-14.1206 -26.9864
-16.6636 -26.0714
-18.7796 -25.0024
-20.3996 -23.5304
-21.7136 -21.9354
-23.1326 -20.3174
-24.9266 -18.5904
-27.1996 -16.4264
-30.2666 -15.5304
-32.7366 -15.8424
-35.1366 -16.8854
-38.1886 -17.7474
-41.3416 -17.7144
-44.3086 -16.9544
-46.4236 -15.5124
-48.3016 -13.4914
-49.5226 -11.2254
