9.08929
9.08929
10.2442
10.2442
12.2196
13.6058
13.6058
15.7785
17.6501
19.5282
21.555
18.7206
14.7917
11.7011
9.91625
9.91625
12.9513
15.544
16.562
13.5667
13.5667
15.4743
17.0485
19.0369
21.243
20.4493
18.4625
16.9704
15.39
15.39
16.0674
12.6305
12.6305
15.7966
13.4971
10.6572
8.78319
7.97073
7.55917
7.55917
11.0575
13.3689
16.4988
19.3072
17.5326
15.125
15.125
17.8834
19.4138
21.553
24.0824
24.7067
26.1339
27.788
27.1911
24.6778
21.869
18.8324
16.2919
14.6009
13.5888
13.5888
14.3438
17.0027
14.3702
11.541
11.506
15.2709
15.2709
15.5293
12.4796
10.6501
9.70772
9.38052
9.38052
