0.667096
0.486464
0.30457
0.111592
0.0164613
3.16441e-16
0.0146653
0.0360725
0.0460072
0.0389243
1.97418e-16
9.81403e-17
0.155668
0.636213
1
0.9472
0.839783
0.392656
0.0365116
7.98559e-17
0.117374
0.214108
0.273203
0.159911
0.0977012
8.24292e-17
0.0505584
0.459539
0.910863
0.933323
1
0.709303
0.379941
0.293686
0.204474
0.130262
0.298486
0.343608
1.18044e-17
0.368423
0.405235
0.492442
0.700811
1
0.798946
0.541308
7.05062e-18
0.244762
0.579221
0.312495
8.26912e-17
0.0739026
0.227368
0.492008
0.666148
0.932614
1
0.850211
0.545242
0.19185
0.0337293
5.47189e-18
0.0197617
0.296571
1
0.995873
0.912625
0.363709
0.161833
3.69195e-17
1.28759e-16
0.0426634
0.173868
0.4278
0.790471
1
0.864168
0.540711
0.0868472
2.52693e-16
0.102124
5.85229e-16
3.61533e-16
0.0373649
0.301156
0.684583
0.848199
1
0.775263
0.50341
0.305363
0.244565
0.036101
3.68629e-16
2.33643e-16
0.0202325
0.215397
0.784813
1
0.943965
1
0.951773
0.845634
0.789351
0.745623
