-1.63294 0.176236 -1.49375 -1.16467
1.36268 0.338375 1.41396 -0.825203
4.36058 0.419024 4.37428 -0.607023
7.36057 0.424837 7.36529 -0.545843
10.3604 0.451723 10.374 -0.454678
13.36 0.501059 13.3751 -0.369992
16.3595 0.554667 16.3725 -0.33783
19.3593 0.588301 19.3656 -0.298992
22.359 0.583442 22.3491 -0.30568
25.3586 0.532039 25.3341 -0.370271
28.3562 0.415284 28.3213 -0.417773
31.3537 0.292613 31.3218 -0.496697
34.3513 0.172753 34.3195 -0.630413
37.3497 0.0798655 37.3248 -1.03537
40.2812 -0.318606 39.7581 -1.66485
42.8842 -1.78109 41.6934 -3.13664
44.5729 -4.2215 43.119 -4.8079
45.1187 -7.14598 43.9295 -7.23782
45.1931 -10.1421 43.909 -10.0926
44.7929 -13.1071 43.5981 -12.8335
43.9079 -15.9681 42.7521 -15.4487
42.407 -18.5592 41.4152 -17.837
40.4295 -20.8112 39.5476 -19.8016
37.9388 -22.4835 37.2515 -21.3444
35.2662 -23.8266 34.7287 -22.532
32.4253 -24.7591 32.1188 -23.5764
29.5394 -25.5751 29.2393 -24.5897
26.6669 -26.4365 26.3706 -25.2931
23.7321 -27.0428 23.5498 -25.7292
20.78 -26.9093 21.0925 -25.3725
17.9764 -25.972 18.6913 -24.7809
15.6852 -24.0361 16.3908 -23.2594
13.471 -22.0145 14.1201 -21.2479
11.1263 -20.1448 11.896 -19.1168
8.76866 -18.2906 9.58811 -17.1915
6.19335 -16.7737 6.79598 -15.4053
3.33371 -16.1279 3.41998 -14.8709
0.373698 -16.2613 0.140769 -15.1366
-2.48135 -17.1826 -3.32593 -16.1961
-3.76585 -19.8552 -5.60649 -19.1266
-4.50852 -22.7038 -6.66789 -22.5068
-4.52324 -25.7007 -6.7031 -25.8149
-4.24362 -28.6873 -6.17911 -28.9046
-4.34611 -31.6579 -5.77223 -31.4462
-5.15616 -34.5019 -6.63006 -33.8006
-6.57999 -37.1387 -7.73491 -36.5926
-7.75458 -39.8992 -8.89936 -39.7286
-7.23926 -42.7709 -8.05839 -43.087
-5.71217 -45.3161 -6.45539 -45.8822
-3.7819 -47.6099 -4.62378 -48.4339
-1.4157 -49.3831 -2.02141 -50.5734
1.41011 -50.101 1.26491 -51.8184
4.40371 -50.14 4.62416 -52.0302
7.31894 -49.4318 7.78685 -51.8185
10.2873 -49.0692 10.4248 -51.3764
13.2778 -49.0832 13.1174 -50.8694
16.2142 -49.6354 15.7416 -51.1639
18.9081 -50.9093 18.0742 -52.1395
21.2585 -52.7736 20.3206 -53.8035
23.2802 -54.9784 22.0563 -55.9935
25.082 -57.3696 23.6201 -58.3612
26.6631 -59.915 25.1308 -60.7516
27.9692 -62.6127 26.5483 -63.1257
28.7078 -65.5204 27.4943 -65.721
28.8706 -68.5075 27.4468 -68.3757
28.0879 -71.373 26.2836 -70.1253
25.58 -72.8396 25.1985 -71.1745
22.5977 -73.0494 22.6126 -71.4222
19.6221 -72.795 19.9045 -71.3531
16.7369 -71.973 17.0527 -70.8172
13.8326 -71.2224 14.1054 -70.131
10.9211 -70.4993 11.1814 -69.4416
8.00698 -69.7864 8.25411 -68.7739
5.09215 -69.0767 5.35016 -68.0337
2.18422 -68.3393 2.48523 -67.2199
-0.6107 -67.3145 -0.0431445 -66.1775
-3.11286 -65.7013 -2.14545 -64.6106
-5.07178 -63.4405 -4.07917 -62.7107
-6.89322 -61.0646 -6.18951 -60.447
-8.974 -58.906 -8.32825 -58.231
-11.115 -56.811 -10.3806 -56.1391
-13.0574 -54.5247 -12.413 -53.969
-15.0382 -52.2717 -14.4786 -51.781
-16.9939 -49.9969 -16.4786 -49.5507
-18.9967 -47.7641 -18.3907 -47.2098
-21.0273 -45.5557 -20.2507 -44.8388
-23.0661 -43.3549 -21.6691 -42.345
-24.2896 -40.6719 -22.8501 -40.3049
-24.6792 -37.7101 -23.3446 -37.6357
-24.6876 -34.7138 -23.5835 -34.7438
-24.5838 -31.7158 -23.6389 -31.7585
-24.4195 -28.7209 -23.4615 -28.8351
-23.8803 -25.7697 -23.035 -25.9249
-23.3345 -22.8198 -22.4306 -22.9921
-22.6848 -19.8934 -21.706 -20.145
-21.872 -17.0064 -20.8846 -17.3115
-20.9333 -14.157 -20.1509 -14.4069
-20.048 -11.2906 -19.165 -11.6182
-18.6457 -8.70054 -17.835 -9.33631
-16.6441 -6.47387 -15.8199 -7.30029
-14.4416 -4.44045 -13.6043 -5.46477
-11.991 -2.71466 -11.1464 -4.06879
-9.24422 -1.57178 -8.75866 -3.10369
-6.3633 -0.737364 -5.9963 -2.17425
-3.43257 -0.100893 -3.18912 -1.4725
-1.63294 0.176236 -1.49375 -1.16467
