-1.76732 1.47087
2.76032 1.71593
8.77807 1.72759
12.0344 1.77758
16.5386 1.85808
21.033 1.90636
25.8239 1.82426
29.0075 1.68874
32.8534 1.53292
36.0535 1.40655
39.6397 1.33348
41.8405 0.462256
43.7943 -0.823775
45.3115 -2.63068
46.1548 -4.62446
46.4215 -7.10199
46.5316 -9.60658
46.3755 -11.9519
45.8396 -14.4081
45.0918 -16.5192
43.6625 -19.0947
41.3709 -21.7449
37.8895 -24.0824
34.6193 -25.5371
31.2372 -26.4069
27.4345 -27.5941
24.4861 -28.2706
21.9393 -28.5387
17.7756 -27.4988
14.9721 -25.154
13.4634 -23.7024
11.3512 -21.937
9.28424 -20.3897
7.48278 -18.919
4.77538 -17.4975
1.28701 -17.3326
-1.63447 -18.2753
-3.18007 -21.7285
-3.27429 -25.0199
-3.07856 -27.4277
-2.77646 -30.0823
-3.41868 -34.0818
-5.171 -37.1476
-6.55094 -40.3907
-5.86505 -42.861
-4.37816 -44.9481
-2.17357 -47.4762
0.147289 -48.7634
4.08806 -48.8788
8.05422 -47.9154
11.9593 -47.6545
14.9586 -47.9344
17.607 -48.6749
19.5699 -49.7749
22.6059 -52.1831
25.3397 -55.3905
27.5254 -58.7271
29.1632 -62.0328
30.1001 -65.7214
30.1841 -69.0218
29.2826 -72.0732
26.9891 -73.9619
23.7644 -74.3953
19.9828 -74.2495
15.7003 -73.0294
11.5238 -71.985
7.55364 -71.0138
3.99256 -70.1469
-0.0673936 -69.1023
-3.44285 -67.2304
-5.49099 -65.1114
-7.24649 -62.5956
-9.36181 -60.3141
-11.5458 -58.3117
-14.4158 -54.9337
-16.5193 -52.5606
-18.5801 -50.1388
-21.813 -46.6205
-24.7273 -43.4746
-25.7509 -40.3975
-26.0483 -36.9695
-25.9322 -32.6187
-25.7269 -28.6435
-25.002 -24.6757
-24.2928 -20.8627
-23.3056 -17.203
-22.1323 -13.6418
-20.7891 -9.28003
-18.4638 -6.41198
-15.6029 -3.68643
-13.5751 -2.16548
-11.5152 -0.892308
-7.04398 0.440746
-4.10991 1.11013
