-1.20593 -2.43366
3.17753 -1.93177
8.98501 -1.81298
12.1311 -1.68341
16.7901 -1.63342
21.0154 -1.57712
25.9487 -1.68387
29.0475 -1.72832
32.6114 -1.8364
35.9582 -2.02462
39.9077 -3.04635
42.1973 -5.73059
42.6434 -7.45703
42.6216 -9.84505
42.5235 -11.4702
42.1591 -13.4854
41.4556 -15.1813
40.532 -16.8792
38.5175 -18.9983
36.2034 -20.4703
32.7581 -21.9732
28.473 -23.4812
25.4431 -24.1709
22.9637 -24.4946
18.7929 -23.467
16.1732 -21.4519
13.5633 -18.8663
11.889 -17.3637
10.303 -16.0988
6.79888 -13.8655
4.32772 -13.511
1.12244 -13.7133
-2.7544 -14.1652
-4.81512 -15.6759
-7.15327 -19.083
-8.18472 -23.2158
-7.90836 -27.2384
-7.00949 -31.0445
-8.42175 -34.9206
-10.3444 -39.3097
-9.21636 -43.8144
-6.92094 -47.6301
-4.60655 -50.5472
-2.35332 -51.8887
-0.166423 -52.8902
2.04057 -53.2717
4.15681 -53.3644
8.75118 -53.0568
12.9963 -52.1639
16.4458 -52.5511
19.5889 -54.8793
21.404 -57.288
25.2618 -63.3923
26.2036 -65.9761
26.1469 -68.355
24.7095 -69.9153
21.1214 -70.259
16.8924 -69.4643
12.55 -68.4198
8.61353 -67.5239
5.12931 -66.6358
1.29125 -65.5182
-0.912041 -63.9999
-3.19333 -61.7585
-4.89034 -59.9212
-7.34325 -57.3785
-9.32511 -55.3643
-11.9277 -52.5853
-13.9913 -50.4045
-15.8562 -48.2913
-17.422 -46.3398
-18.9641 -44.4714
-20.8696 -41.1211
-21.7837 -39.5529
-22.119 -36.9803
-22.3788 -33.3749
-22.2898 -29.8049
-21.6841 -25.672
-20.8402 -21.799
-19.7345 -18.0666
-18.8004 -14.3685
-17.4905 -10.8442
-15.5618 -8.869
-13.9422 -7.27821
-11.8322 -5.82064
-9.60351 -4.78557
-6.35838 -3.62729
-3.79694 -2.90412
