21.6781
22.9183
24.3322
25.8709
27.4941
29.1172
30.5708
29.5592
27.3163
24.8659
22.1376
19.0092
15.5162
13.3297
12.1678
12.1383
11.1152
10.8818
10.8818
12.7496
12.7496
13.8632
13.8632
15.3872
16.2905
17.5646
16.8123
15.7781
15.6443
14.7627
13.5522
13.5522
16.0829
18.8376
15.4791
12.7302
10.8891
9.81303
9.36607
9.36607
12.0827
14.1816
17.3029
14.4029
14.4029
15.2003
11.4395
10.88
10.88
11.4527
11.4527
13.7264
15.4529
17.9485
19.231
16.428
14.4872
14.0546
14.0546
14.9531
15.486
14.3791
10.8961
9.08428
9.08428
10.8928
9.11034
9.11034
11.7359
13.8038
16.9875
19.7607
22.1107
22.021
20.5292
19.4719
20.7357
22.5514
22.5514
24.1232
25.8953
27.6161
25.9368
23.4541
21.1989
19.4067
18.2025
16.7065
17.2282
17.2282
18.6414
20.0436
21.5015
23.0478
21.4194
19.3513
17.6575
16.5557
15.2514
15.8798
15.8798
17.2072
18.5366
19.2515
20.4482
