0.247616
0.374962
0.451059
0.468645
0.414036
0.337727
0.238978
0.141949
0.0629015
1.9803e-17
7.06297e-17
0.10236
0.324106
0.626115
0.813182
1
0.817593
0.617568
0.466153
0.146304
8.41919e-19
0.0163852
6.25971e-17
0.16475
0.485488
0.713179
1
1
0.843564
0.714677
0.441571
0.215649
0.0659501
6.19156e-17
1.32754e-16
0.0064146
0.0231501
0.0347263
0.0368563
0.0298451
0.0218544
0.0143559
0.0125127
0.023584
0.0317718
0.0356703
0.0133175
6.75747e-17
3.14345e-17
0.130643
0.350965
0.723819
0.891792
1
0.978689
0.650625
0.384771
0.140221
5.60663e-17
0.0339665
0.148217
0.216474
0.424501
0.586523
0.756333
1
0.86872
0.667605
0.43496
0.180433
0.0503447
4.35819e-17
1.54961e-16
0.0674221
0.181362
