2.1148 0.899652 2.17249 -0.493724
5.11202 1.0287 5.16085 -0.368462
8.11053 1.08347 8.11153 -0.314758
11.1104 1.05842 11.0764 -0.341116
14.108 0.937446 14.0485 -0.460954
17.1047 0.797302 17.0336 -0.600846
20.1006 0.64145 20.0333 -0.756806
23.0977 0.50854 23.0445 -0.890413
26.0962 0.426134 26.0701 -0.972902
29.0957 0.396984 29.1127 -1.00051
32.0942 0.492001 32.1603 -0.905652
35.0858 0.70152 35.2065 -0.691118
38.0757 0.940025 38.157 -0.451373
41.0732 1.06181 41.0262 -0.337596
44.0297 0.670528 43.7721 -0.647364
46.8974 -0.11078 46.3783 -1.28324
49.4595 -1.67138 48.6591 -2.76417
51.6193 -3.69721 50.6326 -4.57266
53.4924 -6.03243 52.3296 -6.72773
54.6792 -8.7877 53.4022 -9.27887
55.5473 -11.6405 54.2154 -11.9438
56.1056 -14.5881 54.7112 -14.7104
56.0657 -17.5868 54.6877 -17.5227
55.735 -20.5525 54.3932 -20.3061
55.0696 -23.4778 53.7508 -23.0106
53.7295 -26.1525 52.5573 -25.478
51.9966 -28.5403 51.0925 -27.6692
49.7147 -30.4878 48.9721 -29.3446
47.0084 -31.7134 46.5464 -30.4635
44.1574 -32.5897 43.9025 -31.2645
41.1722 -32.8876 41.0908 -31.5069
38.1783 -32.9031 38.2221 -31.5114
35.1806 -32.786 35.2402 -31.3874
32.1837 -32.6494 32.2356 -31.2505
29.185 -32.5727 29.2098 -31.1734
26.1853 -32.5335 26.1933 -31.1338
23.1853 -32.5339 23.182 -31.134
20.1854 -32.5492 20.1762 -31.1492
17.1854 -32.5703 17.1746 -31.1703
14.1855 -32.595 14.1713 -31.195
11.1858 -32.6321 11.1665 -31.2322
8.1862 -32.6812 8.15851 -31.2816
5.18693 -32.7473 5.15055 -31.3478
2.18832 -32.8383 2.14473 -31.439
-0.810278 -32.9298 -0.851943 -31.5304
-3.80899 -33.0178 -3.84172 -31.6182
-6.80853 -33.0693 -6.83343 -31.6697
-9.80785 -33.1318 -9.84148 -31.7324
-12.8069 -33.209 -12.8749 -31.8132
-15.7992 -33.4237 -15.8918 -32.0279
-18.7941 -33.5916 -18.8593 -32.1961
-21.7887 -33.6813 -21.6811 -32.3159
-24.7387 -33.1359 -24.3946 -31.8143
-27.4778 -32.0407 -26.8723 -30.914
-30.0357 -30.4733 -29.0972 -29.4435
-31.8171 -28.0698 -30.7267 -27.3422
-33.2384 -25.4689 -32.0014 -24.9683
-34.1383 -22.6071 -32.7894 -22.2879
-34.5861 -19.6483 -33.2117 -19.4982
-34.7452 -16.6668 -33.3918 -16.7091
-34.461 -13.6803 -33.0968 -13.9432
-33.5676 -10.8351 -32.3039 -11.3156
-32.3467 -8.11357 -31.1807 -8.78903
-30.6286 -5.65431 -29.555 -6.52664
-28.5382 -3.52776 -27.6295 -4.53793
-26.2041 -1.67506 -25.5475 -2.78922
-23.4532 -0.478078 -23.0009 -1.75768
-20.5639 0.220068 -20.3492 -1.11862
-17.5879 0.589506 -17.4921 -0.801761
-14.5883 0.63857 -14.5707 -0.758886
-11.5885 0.656816 -11.5885 -0.743097
-8.58853 0.649594 -8.5916 -0.750398
-5.58854 0.643631 -5.57678 -0.756396
-2.58996 0.712616 -2.54601 -0.68293
0.407672 0.831786 0.464072 -0.56223
2.1148 0.899652 2.17249 -0.493724
