7.70968
9.73367
9.39416
10.1398
13.0452
13.0452
14.955
14.3797
14.3797
16.1349
18.6699
20.4048
16.8614
13.1448
8.66108
8.66108
11.5875
14.4823
13.7906
12.1777
13.1118
10.6799
14.2606
17.4941
20.1797
19.7289
16.1825
12.151
10.9494
10.9494
14.3122
10.226
10.226
14.2912
11.8709
8.60373
7.43353
7.43353
6.6605
6.6605
10.047
10.047
14.1744
17.3987
15.844
12.2377
12.2377
13.8867
13.3434
13.3434
15.8926
18.8231
21.3524
23.4541
25.5367
25.2599
22.5366
19.4207
15.7041
11.141
11.141
11.2517
11.2517
14.9179
15.7196
11.1062
10.0892
10.0892
11.8666
11.7931
11.4897
9.08324
9.08324
9.39202
5.69292
