0.667096
0.486464
0.30457
0.111592
0.0164613
3.27302e-17
0.0146653
0.0360725
0.0460072
0.0389243
2.72644e-17
0
0.155667
0.636212
1
0.9472
0.839783
0.392653
0.0365094
0
0.117371
0.214106
0.273203
0.159912
0.0977013
3.3452e-17
0.0505583
0.459539
0.910863
0.933323
1
0.709303
0.379941
0.293686
0.204473
0.130262
0.298486
0.343608
0
0.368422
0.405235
0.492442
0.700811
1
0.798946
0.541308
5.3523e-17
0.244762
0.579221
0.312495
0
0.0739025
0.227368
0.492007
0.666148
0.932614
1
0.850212
0.545242
0.19185
0.0337295
1.73415e-16
0.0197629
0.29657
1
0.995874
0.912627
0.363708
0.161833
9.4753e-17
0
0.0426614
0.173866
0.427802
0.790472
1
0.864167
0.540711
0.0868469
0
0.102124
7.46011e-18
0
0.0373635
0.301154
0.684584
0.8482
1
0.775264
0.503411
0.305365
0.244568
0.0361021
0
0
0.0202321
0.215395
0.784812
1
0.943965
1
0.951773
0.845634
0.789351
0.745623
