-1.63303 0.176354 -1.49384 -1.16455
1.36259 0.338493 1.41387 -0.825085
4.36049 0.419142 4.37419 -0.606905
7.36048 0.424955 7.3652 -0.545725
10.3603 0.451841 10.3739 -0.45456
13.3599 0.501177 13.375 -0.369874
16.3594 0.554785 16.3725 -0.337712
19.3592 0.588419 19.3655 -0.298874
22.3589 0.58356 22.349 -0.305562
25.3585 0.532157 25.334 -0.370153
28.3561 0.415403 28.3212 -0.417655
31.3536 0.292731 31.3217 -0.496579
34.3512 0.172871 34.3195 -0.630295
37.3496 0.0799836 37.3247 -1.03525
40.2811 -0.318488 39.758 -1.66473
42.8842 -1.78097 41.6933 -3.13652
44.5728 -4.22138 43.1189 -4.80778
45.1186 -7.14586 43.9294 -7.2377
45.193 -10.142 43.9089 -10.0925
44.7928 -13.107 43.598 -12.8334
43.9078 -15.968 42.752 -15.4486
42.4069 -18.559 41.4152 -17.8369
40.4294 -20.8111 39.5475 -19.8014
37.9388 -22.4834 37.2514 -21.3442
35.2661 -23.8264 34.7286 -22.5318
32.4252 -24.759 32.1188 -23.5762
29.5393 -25.575 29.2393 -24.5896
26.6668 -26.4364 26.3705 -25.2929
23.732 -27.0427 23.5497 -25.729
20.7799 -26.9091 21.0924 -25.3724
17.9763 -25.9719 18.6913 -24.7808
15.6851 -24.036 16.3907 -23.2593
13.4709 -22.0144 14.12 -21.2478
11.1262 -20.1446 11.8959 -19.1166
8.76857 -18.2905 9.58802 -17.1914
6.19326 -16.7736 6.79589 -15.4052
3.33362 -16.1278 3.41989 -14.8708
0.373608 -16.2612 0.140679 -15.1365
-2.48144 -17.1825 -3.32602 -16.196
-3.76594 -19.855 -5.60658 -19.1265
-4.50861 -22.7037 -6.66798 -22.5067
-4.52334 -25.7006 -6.70319 -25.8148
-4.24371 -28.6871 -6.17921 -28.9045
-4.3462 -31.6578 -5.77232 -31.4461
-5.15625 -34.5018 -6.63015 -33.8005
-6.58008 -37.1386 -7.735 -36.5925
-7.75467 -39.8991 -8.89945 -39.7285
-7.23935 -42.7708 -8.05849 -43.0868
-5.71226 -45.316 -6.45548 -45.882
-3.78199 -47.6098 -4.62387 -48.4338
-1.4158 -49.383 -2.0215 -50.5733
1.41002 -50.1009 1.26482 -51.8183
4.40362 -50.1399 4.62407 -52.0301
7.31884 -49.4317 7.78676 -51.8184
10.2872 -49.069 10.4247 -51.3763
13.2777 -49.0831 13.1173 -50.8693
16.2141 -49.6353 15.7415 -51.1638
18.908 -50.9092 18.0741 -52.1394
21.2584 -52.7735 20.3205 -53.8034
23.2802 -54.9782 22.0562 -55.9934
25.0819 -57.3695 23.62 -58.3611
26.6631 -59.9149 25.1307 -60.7515
27.9691 -62.6126 26.5482 -63.1256
28.7077 -65.5203 27.4942 -65.7209
28.8705 -68.5074 27.4467 -68.3755
28.0878 -71.3729 26.2835 -70.1252
25.5799 -72.8395 25.1984 -71.1743
22.5976 -73.0493 22.6125 -71.422
19.622 -72.7949 19.9044 -71.353
16.7368 -71.9729 17.0527 -70.8171
13.8325 -71.2222 14.1053 -70.1309
10.921 -70.4991 11.1813 -69.4415
8.0069 -69.7863 8.25403 -68.7738
5.09206 -69.0765 5.35007 -68.0336
2.18414 -68.3392 2.48514 -67.2198
-0.610787 -67.3144 -0.0432307 -66.1774
-3.11294 -65.7012 -2.14554 -64.6105
-5.07187 -63.4404 -4.07926 -62.7106
-6.89331 -61.0645 -6.18959 -60.4468
-8.97408 -58.9059 -8.32834 -58.2309
-11.1151 -56.8109 -10.3807 -56.139
-13.0575 -54.5246 -12.4131 -53.9689
-15.0383 -52.2716 -14.4787 -51.7809
-16.994 -49.9968 -16.4787 -49.5506
-18.9968 -47.764 -18.3908 -47.2096
-21.0274 -45.5556 -20.2508 -44.8387
-23.0662 -43.3548 -21.6692 -42.3449
-24.2897 -40.6718 -22.8502 -40.3048
-24.6792 -37.71 -23.3447 -37.6356
-24.6877 -34.7137 -23.5836 -34.7437
-24.5839 -31.7157 -23.639 -31.7583
-24.4196 -28.7208 -23.4616 -28.835
-23.8804 -25.7696 -23.0351 -25.9248
-23.3346 -22.8197 -22.4307 -22.9919
-22.6849 -19.8933 -21.7061 -20.1448
-21.8721 -17.0062 -20.8847 -17.3114
-20.9334 -14.1569 -20.151 -14.4068
-20.0481 -11.2905 -19.1651 -11.6181
-18.6458 -8.70043 -17.8351 -9.33619
-16.6442 -6.47375 -15.8199 -7.30017
-14.4417 -4.44033 -13.6044 -5.46466
-11.9911 -2.71455 -11.1465 -4.06867
-9.24431 -1.57167 -8.75875 -3.10358
-6.3634 -0.737248 -5.9964 -2.17413
-3.43267 -0.100776 -3.18922 -1.47239
-1.63303 0.176354 -1.49384 -1.16455
