-1.48603 -0.481978
-1.2007 -0.574638
0.223227 -0.899488
0.522021 -0.872613
1.97472 -0.86719
3.44335 -0.830014
4.94186 -0.80858
6.41998 -0.794903
7.62117 -0.717211
9.09042 -0.633337
10.575 -0.60196
11.1735 -0.625333
12.3666 -0.586909
13.263 -0.56396
14.4366 -0.530968
15.9071 -0.526493
17.1028 -0.513488
18.6021 -0.518227
20.0897 -0.498511
21.2631 -0.486149
22.7367 -0.497218
24.2002 -0.492472
25.6704 -0.526876
26.8461 -0.547342
28.3115 -0.578172
29.183 -0.608622
30.6416 -0.636516
31.5222 -0.657056
32.9797 -0.744519
34.4342 -0.811327
35.0074 -0.828676
36.1622 -0.930456
36.7384 -1.06489
38.1555 -1.42185
39.5632 -1.74685
40.8557 -2.41457
41.0666 -2.62786
41.9765 -3.5734
42.6946 -4.51061
43.0594 -4.95672
43.5702 -6.14477
43.5978 -6.4435
43.7935 -7.77298
43.7707 -9.26842
43.7023 -10.7353
43.6495 -11.3297
43.4081 -12.7742
43.3116 -13.3723
42.8957 -14.7146
42.3197 -15.955
41.6077 -17.2692
41.2672 -17.7573
40.3927 -18.9049
40.1461 -19.0757
39.6872 -19.3985
38.5973 -20.2587
37.6444 -20.9062
37.1658 -21.2331
35.9322 -21.8446
34.6277 -22.4923
33.3617 -22.956
32.5925 -23.2576
32.2083 -23.3734
30.8348 -23.9349
30.2879 -24.1556
29.2743 -24.5505
28.5774 -24.6766
27.3239 -24.9586
25.9099 -25.2477
25.3363 -25.3328
25.0361 -25.3588
23.712 -25.5208
22.5274 -25.5413
21.4248 -25.5332
20.3334 -25.385
19.2367 -24.9069
17.9858 -24.2727
17.0875 -23.6215
16.1239 -22.9077
15.128 -22.2705
14.5921 -22.0782
13.2704 -21.478
12.2577 -20.8584
11.0606 -20.0564
9.77095 -19.3333
8.63111 -18.4258
7.45999 -17.6741
6.6923 -17.2324
5.67685 -16.7106
4.30885 -16.3755
2.94326 -16.2358
1.45106 -16.1775
0.0372529 -16.5438
-0.804778 -16.8528
-1.94488 -17.195
-2.75527 -17.7479
-2.93995 -17.9841
-3.2651 -18.5546
-3.81777 -19.9286
-4.06925 -21.0291
-4.38156 -21.9317
-4.72529 -23.0862
-4.84016 -23.5846
-5.12878 -24.7713
-5.33666 -25.925
-5.45988 -27.3363
-5.75959 -28.7693
-5.80809 -29.9318
-5.89163 -31.226
-5.86449 -31.8442
-5.79259 -33.0024
-5.71349 -33.884
-5.80674 -35.326
-6.14161 -36.2228
-6.61886 -37.6229
-7.05999 -38.7386
-7.27055 -39.2791
-7.63888 -40.6399
-7.62398 -40.9396
-7.51727 -41.22
-7.40522 -41.4666
-7.09402 -42.8599
-6.50854 -43.8539
-6.50821 -43.8544
-5.93521 -44.8267
-4.9847 -45.9276
-4.05595 -47.0462
-3.47726 -47.6952
-2.37006 -48.6375
-1.10388 -49.3629
-0.353501 -49.7887
-0.0595908 -49.8496
0.538586 -49.9019
1.29882 -49.9491
2.16743 -49.9742
3.2708 -49.9848
4.0648 -50.0281
5.52526 -49.9963
6.73089 -50.0698
8.11459 -50.4586
8.92918 -50.6912
10.0416 -50.9602
11.4331 -50.8795
12.7708 -51.0297
14.1377 -51.1942
15.0293 -51.2865
16.078 -51.3876
17.4637 -51.7669
17.7144 -51.9316
18.7018 -52.685
19.691 -53.4804
20.6031 -54.3202
21.4771 -55.537
21.9946 -56.2363
22.7754 -57.3751
23.3561 -58.2467
23.7739 -58.8955
24.5259 -60.1063
24.8308 -60.5975
25.5938 -61.7675
25.9973 -62.4861
26.4152 -63.3198
26.7494 -64.2528
27.2579 -65.6311
27.329 -66.7945
27.278 -68.2868
26.8298 -69.6308
26.6516 -69.8721
26.4076 -70.0467
25.4405 -70.8317
24.0951 -71.4651
23.7975 -71.5028
22.3583 -71.6153
22.0666 -71.5452
20.6527 -71.2866
19.1965 -71.0514
18.3392 -70.8888
17.1841 -70.6466
15.8911 -70.4275
14.4425 -70.3744
12.999 -70.0951
11.6248 -69.5291
10.2409 -69.0376
9.04658 -68.9185
8.4913 -68.9457
7.08126 -68.8581
6.0989 -68.7694
4.98937 -68.6197
4.15781 -68.351
3.05713 -68.0669
1.93166 -67.8082
0.914461 -67.2804
0.178563 -66.8955
-1.11007 -66.2579
-2.37115 -65.5948
-3.11099 -64.9053
-3.40021 -64.4723
-3.76935 -63.7403
-4.75425 -62.7205
-5.78766 -62.0592
-6.51766 -61.3776
-7.59843 -60.3454
-8.72177 -59.3931
-9.72939 -58.3654
-10.4836 -57.0911
-11.2558 -55.915
-12.184 -54.7662
-12.8775 -53.9365
-13.7655 -52.7356
-14.5828 -51.533
-15.3631 -50.6154
-16.1953 -49.5943
-17.0248 -48.7771
-17.9713 -47.7698
-18.554 -46.9807
-19.4114 -45.8502
-20.0019 -44.8519
-20.3332 -44.3235
-21.0262 -43.3465
-21.7465 -42.1268
-22.2124 -41.4272
-22.5596 -40.4129
-23.0278 -39.0116
-23.1135 -38.1
-23.1949 -37.217
-23.2303 -36.9216
-23.3538 -35.4422
-23.4869 -33.9601
-23.5205 -32.7949
-23.4844 -32.2046
-23.4285 -30.7318
-23.3326 -29.2668
-23.1876 -27.7882
-23.0384 -26.3365
-22.6846 -24.9304
-22.4512 -23.8412
-22.1886 -22.7095
-21.9169 -21.5641
-21.6212 -20.487
-21.3232 -19.549
-21.0969 -18.7064
-20.8905 -17.7861
-20.8262 -17.2067
-20.3956 -16.0346
-20.0268 -14.8166
-19.7345 -13.683
-19.4017 -12.7607
-19.0912 -11.9404
-18.6727 -10.8225
-18.011 -9.61019
-17.5273 -9.03713
-16.6869 -8.32124
-15.6853 -7.42636
-15.4583 -7.22348
-14.3824 -6.24185
-13.8392 -5.81478
-12.6381 -4.99399
-11.7906 -4.58906
-11.2823 -4.34037
-10.1379 -3.78817
-9.04298 -3.36075
-7.97923 -2.93846
-6.55402 -2.53312
-5.99078 -2.36307
-4.68017 -1.73333
-3.62533 -1.35948
-2.56432 -0.870328
-1.81289 -0.506394
