3.11901
3.11901
3.46961
3.46961
7.83271
10.5438
12.7287
14.5681
15.4313
13.6349
11.1993
11.1993
12.5728
13.7271
15.1106
16.6098
17.7798
19.1225
20.3369
21.2926
22.3238
23.0201
22.0996
20.9317
19.3512
18.4655
16.738
15.5555
13.6449
11.1063
9.96259
7.2628
7.2628
10.118
7.38139
3.46961
3.46961
7.52677
8.38152
6.80634
3.4696
3.4696
7.59563
10.0946
12.2915
12.727
12.3402
11.2264
11.2264
11.2218
8.15968
8.15968
3.46962
3.46962
5.57774
8.83695
10.69
11.1647
11.1647
11.3886
9.88189
7.90237
10.2572
10.9202
9.67487
6.80727
11.574
12.019
9.0718
7.89382
7.89382
10.3575
11.4657
9.20463
7.38717
7.38717
9.4068
11.4872
8.93793
5.65069
5.65069
8.98774
10.5346
12.5856
10.6657
10.6657
12.2194
11.0144
8.69971
11.181
11.0594
7.93113
7.93113
9.12854
5.86635
3.50001
3.50001
5.83532
9.10154
9.89848
10.6394
10.1234
10.1234
11.9946
12.6967
11.2322
9.44098
9.44098
8.48254
8.48254
10.5476
9.21837
6.4186
6.4186
9.5598
9.6603
8.25124
3.46961
3.46959
3.46959
4.58488
5.87762
0.933573
0.933573
6.26443
9.21327
11.581
10.7474
9.16046
7.05261
3.48265
3.48265
5.67287
7.61483
9.33152
11.1497
12.1137
11.1325
9.21894
11.9972
10.3467
7.71371
7.71371
9.81226
11.9601
10.4127
7.90965
3.46962
3.46962
7.36222
9.85896
9.62541
9.62541
11.046
12.9397
14.2315
15.0781
15.2539
14.404
12.1954
11.7229
10.1712
10.1712
7.08738
7.08738
7.02881
3.46957
3.46957
3.48448
7.37873
3.46965
3.46965
3.46958
3.46958
7.8022
10.5314
11.8077
13.3753
11.5246
10.6722
9.68672
11.0028
7.77596
6.86915
6.86915
9.64811
10.3763
7.85482
7.85482
9.95148
7.55867
7.55867
9.23934
10.2953
6.67333
5.32002
8.695
7.70537
7.70537
8.31877
13.05
13.359
11.2113
8.79697
8.79697
11.1456
12.7286
14.0735
14.0727
11.8665
13.795
11.5991
11.5991
10.2257
13.6144
11.2883
11.2883
12.1116
11.5605
9.24321
7.24195
10.7144
7.103
7.103
8.97774
9.42252
11.7694
11.2346
9.10269
9.10269
11.5196
13.4775
13.7979
11.2621
11.2621
12.756
14.1952
14.6085
13.1208
11.6768
10.2397
8.16268
8.07183
13.9795
13.257
11.4642
11.4642
11.8612
9.41659
6.84989
6.84989
8.84141
11.116
11.5722
10.8968
10.8968
8.7741
8.7741
9.80453
11.8029
12.9116
12.9989
11.939
10.8697
10.6717
9.46292
6.87027
3.30622
