21.6772
22.9178
24.3317
25.8705
27.4938
29.1169
30.5706
29.5592
27.3163
24.8659
22.1376
19.0092
15.5162
13.3297
12.1678
12.1383
11.1152
10.8818
11.5103
12.7496
12.7496
13.8632
13.8632
15.3872
16.2905
17.5646
16.8123
15.7781
15.6443
14.7627
13.5522
16.3599
16.3599
19.0168
15.4791
12.7302
10.8891
9.81303
9.36607
9.36607
12.0827
14.1816
17.3029
14.4029
14.4029
15.2003
11.4395
10.88
10.9383
11.4527
11.4527
13.7264
15.4529
17.9485
19.231
16.428
14.4872
14.0546
14.0546
14.9531
14.9531
14.3791
10.8961
9.08428
9.08428
10.8928
9.11034
9.11034
11.7359
13.8037
16.9875
19.7607
22.1107
22.0209
20.5291
19.4718
19.4718
20.6058
21.9551
23.6391
25.4662
27.2265
25.9368
23.4541
21.1989
19.4067
18.2025
16.7065
17.2282
17.2282
18.6414
20.0436
21.5015
23.0478
21.4194
19.3513
17.6575
16.5557
15.2514
15.2514
16.446
17.3007
18.588
19.2499
20.4473
