0.0413293
0
7.76745e-17
0.0967244
5.03988e-17
6.85374e-17
0.263827
0.610408
0.768387
0.872247
1
1
0.795595
0.481149
8.708e-17
0.0795973
0.326561
0.762043
0.982951
1
0.817925
0.536077
0.0583673
1.15035e-16
1.20627e-16
0.156292
0.561188
0.94951
1
0.711461
0.198583
1.3062e-17
0.0432612
9.28674e-17
0.20251
0.306151
0.17416
6.1758e-17
3.37034e-17
7.10516e-17
8.07879e-17
6.69544e-17
0.00161291
0.0488476
0.0520888
8.39839e-17
0.212451
0.733693
1
0.851381
0.509552
0.283675
0.140206
1.98103e-16
2.09124e-16
2.06161e-16
5.89839e-17
0.0921567
0.413779
1
1
1
0.931433
0.700483
0.54945
1.56724e-16
7.21206e-17
0.0554613
0.526036
0.932
1
1
0.413571
1.09895e-16
0.048174
