-48.8759 -8.49175 -47.2284 -8.37936
-48.3419 -5.56559 -46.795 -6.15113
-46.726 -3.08322 -45.6995 -4.08197
-44.4285 -1.17053 -43.6253 -2.71629
-41.5476 -0.370273 -41.2959 -1.85683
-38.5634 -0.148548 -38.5604 -1.5297
-35.5656 -0.255822 -35.6251 -1.3333
-32.5944 -0.571725 -32.8921 -1.85569
-29.7539 -1.52968 -30.2825 -2.7093
-27.1639 -3.03902 -27.6829 -3.83627
-24.6834 -4.72556 -25.0242 -5.25136
-22.1429 -6.3212 -22.469 -6.8399
-19.5541 -7.82878 -19.9278 -8.55916
-16.8349 -9.09123 -17.248 -10.1586
-13.9801 -10.0029 -13.9836 -11.2661
-11.1141 -9.1162 -10.3843 -10.5684
-8.74192 -7.30049 -7.81673 -8.27872
-6.80184 -5.02331 -5.90655 -5.78445
-4.76085 -2.82683 -3.98353 -3.68596
-2.34551 -1.0605 -1.809 -1.99202
0.394807 0.139304 0.740637 -0.94399
3.32506 0.706113 3.3785 -0.417577
6.32456 0.660931 6.31679 -0.132232
9.31178 0.848423 9.36798 -0.106716
12.3107 0.929073 12.3359 -0.032588
15.3097 1.00543 15.3345 0.161336
18.3075 1.11817 18.3345 0.186234
21.3052 1.08438 21.1967 -0.0170425
24.1637 0.293008 23.6626 -0.698066
26.5975 -1.43794 26.0925 -2.11358
29.0494 -3.16078 28.4993 -4.08461
31.7297 -4.48537 31.3179 -5.88337
34.7039 -4.87312 34.5561 -6.36255
37.6957 -5.05641 37.7066 -6.35018
40.6896 -4.91284 40.6646 -6.38634
43.6379 -5.30742 43.0782 -6.98686
46.1018 -6.93169 44.6864 -8.12304
47.4864 -9.56421 45.2483 -10.2682
47.5235 -12.4894 45.3855 -11.6709
45.7329 -14.8718 44.2926 -13.1385
43.0338 -16.1002 42.6571 -14.5677
40.0803 -16.6073 39.9087 -15.1441
37.0914 -16.8652 36.9934 -15.6557
34.1004 -17.0976 34.0098 -16.0993
31.1164 -17.4069 30.9564 -16.1994
28.1647 -17.9308 27.8014 -16.7276
25.5011 -19.2562 24.736 -18.0754
23.0674 -20.9993 22.4814 -19.9931
20.3554 -22.2817 20.0286 -21.4242
17.4729 -23.1043 17.2912 -22.1994
14.4958 -23.4529 14.408 -22.6557
11.5157 -23.7974 11.4351 -23.0625
8.5298 -24.0827 8.48167 -23.4993
5.54038 -24.3332 5.48934 -23.7821
2.55524 -24.6313 2.49589 -24.0263
-0.431112 -24.9171 -0.493628 -24.2525
-3.418 -25.1973 -3.48828 -24.4492
-6.40481 -25.4783 -6.48489 -24.6288
-9.3915 -25.7606 -9.46867 -24.8098
-12.3801 -25.8173 -12.319 -24.9666
-15.2854 -25.1859 -14.9093 -24.1863
-18.0074 -23.9362 -17.3244 -22.9344
-20.1231 -21.8215 -19.4176 -21.2392
-22.079 -19.5472 -21.4814 -18.9836
-24.231 -17.4578 -23.5931 -16.7908
-26.4038 -15.3892 -26.0253 -14.7669
-29.2418 -14.4757 -28.9901 -13.1743
-32.1873 -14.463 -32.4321 -13.1083
-35.0064 -15.4118 -35.4575 -14.2585
-37.8655 -16.3056 -38.0793 -15.1572
-40.8459 -16.4198 -40.7398 -15.3848
-43.7623 -15.7526 -43.4154 -14.9846
-46.1232 -13.926 -45.6797 -13.4832
-47.8836 -11.5266 -46.976 -11.0682
-48.8237 -8.6974 -47.227 -8.53519
-48.8759 -8.49175 -47.2284 -8.37936
