-0.540401 -2.65169
2.4876 -1.80569
4.6786 -1.60269
6.9766 -1.37269
9.1236 -1.38469
9.9286 -1.57369
13.6176 -1.21369
17.1526 -1.06169
20.6716 -1.22069
23.9086 -2.11469
26.1356 -3.76269
28.4846 -5.78869
30.9976 -7.19369
33.4576 -7.61369
36.4326 -7.74969
39.3706 -7.52869
42.0946 -7.88369
43.8286 -9.10869
44.0606 -11.4797
42.3656 -13.3007
40.3646 -13.7297
37.9626 -14.2017
35.0916 -14.6177
32.5546 -15.0077
31.8946 -14.7317
29.1476 -15.1737
26.7926 -15.5837
24.7266 -16.4737
22.8246 -17.8597
20.8496 -19.7587
17.9466 -20.7767
14.5596 -21.3237
11.5356 -21.7297
8.8966 -22.1537
5.6136 -22.4677
1.7276 -22.7847
-1.8154 -23.0467
-5.5214 -23.2687
-9.1734 -23.4877
-12.0874 -23.6787
-15.0384 -22.7897
-17.5674 -21.2727
-19.3544 -19.4437
-21.0064 -17.5507
-22.7244 -15.8207
-24.5994 -14.1977
-26.9254 -12.5017
-29.3114 -11.6927
-31.7834 -11.5487
-34.0824 -12.2557
-36.3364 -13.2207
-39.2434 -14.1697
-42.5764 -13.9757
-44.6254 -12.6987
-45.9104 -10.3047
-45.9364 -7.51569
-45.0184 -5.19269
-43.3284 -3.99369
-41.0584 -3.13769
-38.0564 -2.77869
-35.5424 -2.63069
-32.5854 -3.24769
-30.0994 -4.16169
-27.0934 -5.53469
-24.1644 -7.27369
-22.2094 -8.57369
-20.1054 -10.0127
-17.4724 -11.5297
-14.6754 -12.5707
-11.7894 -12.5517
-9.2524 -11.5087
-7.1284 -9.54269
-5.6344 -7.48769
-3.5674 -5.00969
