-50.1944 -8.58169
-49.8794 -5.79769
-48.7554 -3.35269
-47.0414 -1.51569
-45.0704 -0.012688
-42.5294 0.818312
-39.5914 1.18131
-36.0514 1.08031
-32.7804 0.857312
-29.3484 -0.267688
-26.9874 -1.58069
-24.4124 -3.36069
-21.9264 -4.92169
-19.7224 -6.30769
-16.5884 -7.80469
-13.9884 -8.64469
-11.5514 -7.89069
-9.3454 -6.11769
-7.4614 -3.76769
-5.4604 -1.67769
-3.2344 -0.044688
-0.532401 1.24831
2.5276 2.00931
4.7786 2.00031
7.1986 1.93931
8.7696 2.13431
12.5996 2.23731
16.2376 2.32931
19.2476 2.46031
22.4546 2.34331
25.1556 1.30431
27.4256 -0.434688
29.4346 -1.89569
31.9446 -3.20269
34.5086 -3.55469
37.3986 -3.77269
40.3206 -3.58669
43.3026 -3.77669
45.5546 -4.66769
47.2426 -6.21369
48.5316 -8.45569
49.0956 -10.5237
48.8976 -12.7177
47.7946 -14.5917
46.4626 -15.9907
44.8176 -16.9597
42.8086 -17.5097
40.4046 -17.8837
37.7416 -18.1187
34.2436 -18.3897
30.6546 -18.7617
28.0666 -19.2757
26.0046 -20.4667
23.9866 -22.0027
20.6536 -23.5787
17.5086 -24.4427
14.4236 -24.7677
10.3436 -25.2427
6.2906 -25.5647
1.7456 -26.0187
-2.7974 -26.4447
-6.8264 -26.8237
-11.0534 -27.2237
-14.1204 -26.9867
-16.6634 -26.0717
-18.7794 -25.0027
-20.3994 -23.5307
-21.7134 -21.9357
-23.1324 -20.3177
-24.9264 -18.5907
-27.1994 -16.4267
-30.2664 -15.5307
-32.7364 -15.8427
-35.1364 -16.8857
-38.1884 -17.7477
-41.3414 -17.7147
-44.3084 -16.9547
-46.4234 -15.5127
-48.3014 -13.4917
-49.5224 -11.2257
