9.08929
9.08929
10.2442
10.9345
12.2196
12.2196
14.4832
16.0959
17.8323
19.658
21.6596
18.7206
14.7917
11.7011
9.91625
9.91625
12.9513
15.544
16.562
13.5667
13.5667
10.6809
14.4022
17.1833
19.7168
20.4493
18.4625
16.9704
15.39
15.39
16.0674
12.6305
18.2762
17.6636
13.4971
10.6572
8.78319
7.97073
7.55916
7.55916
11.0575
13.3689
16.4989
19.3072
17.5326
15.125
15.125
17.8834
19.4138
19.4138
20.8714
22.5143
24.2836
26.1214
27.1911
24.6778
21.8689
18.8324
16.2919
14.6009
13.5888
13.7733
13.7733
16.6265
14.3702
11.541
11.506
11.506
14.7768
15.5293
12.4796
10.6501
9.70773
9.38052
9.38052
