2.24506 0.207031
3.42239 0.160416
4.85348 -0.0620162
6.28215 -0.019128
7.39137 -0.148303
8.32964 -0.26833
9.5242 -0.396726
11.001 -0.537388
12.1941 -0.568656
12.7744 -0.59061
13.957 -0.657002
14.85 -0.686447
16.3228 -0.74396
16.6278 -0.771649
18.1059 -0.839334
18.1059 -0.839334
18.9907 -0.898919
20.4438 -0.913728
21.8934 -0.986444
23.3566 -1.08792
24.5238 -1.1671
25.9799 -1.165
26.568 -1.18022
27.4535 -1.1684
28.9211 -1.15978
29.7836 -1.15393
30.977 -1.14285
31.57 -1.12352
32.7655 -1.03893
34.2576 -0.93569
34.8397 -0.896743
36.3311 -0.789949
37.1822 -0.714157
38.6609 -0.628474
40.1351 -0.553916
41.3186 -0.520556
42.7859 -0.618085
42.7859 -0.618085
44.2048 -0.912553
45.6137 -1.24584
46.9179 -1.8587
48.1503 -2.64011
49.112 -3.27651
49.961 -4.05414
50.5075 -4.72136
51.0422 -5.39817
51.7442 -6.31552
52.3585 -7.30484
52.7166 -8.06978
53.0327 -8.88104
53.4616 -9.97352
53.9103 -11.3373
53.9375 -11.634
54.2207 -13.0922
54.3242 -13.6634
54.5449 -14.8017
54.5155 -16.2887
54.5133 -17.4342
54.466 -18.6138
54.3244 -19.7732
53.9752 -21.1832
53.8525 -21.7456
53.5119 -23.152
53.0319 -24.1922
52.3605 -25.4383
51.9299 -26.2031
51.1118 -27.413
50.2028 -28.1799
49.3051 -28.9192
48.5676 -29.4021
47.5456 -29.9502
46.4599 -30.3362
45.0509 -30.7698
43.6507 -31.1188
42.2305 -31.22
41.0481 -31.3039
39.8893 -31.3935
38.6988 -31.3326
37.5188 -31.283
36.3402 -31.2442
35.4555 -31.202
33.9723 -31.1599
32.5057 -31.1306
31.3225 -31.1128
30.4315 -31.078
29.5645 -31.0979
28.397 -31.0558
27.2185 -31.01
25.7452 -30.9697
24.5776 -30.9951
23.9754 -30.9995
22.5385 -31.0071
21.3661 -31.0463
19.8796 -31.044
19.2807 -31.0326
17.7821 -31.0034
16.316 -30.9865
15.4121 -30.999
13.9335 -30.9942
12.7538 -31.0148
11.5774 -31.0425
10.1083 -31.0665
9.21386 -31.0788
7.75052 -31.0937
7.15834 -31.1088
5.66798 -31.1591
4.47136 -31.174
3.28668 -31.2176
2.40757 -31.246
1.22507 -31.2796
-0.240728 -31.3204
-1.13644 -31.362
-2.01264 -31.383
-2.88632 -31.4154
-4.37263 -31.4175
-5.86627 -31.4462
-7.03923 -31.4879
-8.22369 -31.5356
-9.1195 -31.5479
-10.6119 -31.6215
-12.0575 -31.7016
-12.6506 -31.7258
-14.1283 -31.7682
-15.5889 -31.8059
-16.7424 -31.8949
-17.9373 -31.9657
-19.3942 -32.0139
-19.9715 -32.0664
-21.1461 -32.1133
-21.446 -32.1178
-22.8964 -31.9303
-23.9993 -31.6978
-24.8661 -31.5229
-25.7392 -31.3552
-26.958 -30.6186
-28.1456 -29.9021
-29.0954 -29.2375
-30.0204 -28.12
-30.7999 -26.9497
-31.574 -25.6839
-31.7519 -25.1141
-32.1915 -23.7264
-32.5806 -22.2971
-32.8696 -21.1718
-33.0607 -19.6911
-33.2612 -18.2289
-33.2384 -17.6375
-33.168 -16.1809
-33.0422 -15.0425
-32.9095 -13.8731
-32.6351 -12.7314
-32.3571 -11.9309
-31.7976 -10.6022
-31.4031 -9.51698
-30.643 -8.29452
-29.7632 -7.11228
-28.8924 -5.9485
-28.0559 -5.17012
-27.2046 -4.37856
-26.5625 -3.78053
-25.6331 -3.07561
-24.5821 -2.57762
-23.5881 -2.12403
-22.2063 -1.57014
-20.7427 -1.36179
-20.7427 -1.36179
-19.3121 -1.15892
-17.8532 -0.990032
-16.4226 -0.954624
-14.9623 -0.929687
-14.3904 -0.917862
-13.2258 -0.927346
-12.3629 -0.907843
-10.912 -0.931563
-9.74805 -0.918432
-8.8701 -0.881409
-7.70637 -0.865035
-6.83025 -0.878447
-5.38592 -0.879696
-3.92842 -0.829754
-2.45138 -0.86757
-1.06693 -0.395459
-0.871544 -0.373485
0.544975 -0.260236
1.37051 -0.0236454
