7.06458
7.06458
9.83197
9.81892
13.8631
14.9602
16.2111
14.7885
14.7885
14.813
13.026
11.5396
8.30431
7.98456
0
12.8899
14.9693
16.1074
17.3239
17.7812
16.2847
16.4719
16.4719
16.7445
18.1647
18.9544
17.9109
17.9109
18.5687
18.9556
18.2766
16.4033
15.3456
13.2676
10.575
7.80638
0
9.44576
9.44576
9.36496
9.36496
11.2869
9.44274
8.71987
12.6225
13.0456
10.984
9.50326
9.50326
10.729
8.79397
4.07082
8.8438
11.1379
11.7861
9.41805
9.41805
11.2878
12.8592
12.2912
12.2912
11.674
8.60837
8.60837
10.9823
10.4867
7.37667
7.37667
9.69094
10.2698
9.81758
13.9722
12.6094
10.1786
10.1786
11.9961
10.8228
14.4873
15.8022
17.0098
17.8088
18.0469
16.1995
14.527
13.279
15.2096
15.6916
16.9199
17.307
18.8775
19.2701
20.4976
21.0715
20.7619
20.7619
21.9549
21.2044
22.0347
23.0333
23.6119
24.4233
24.2244
23.4129
22.0168
22.0168
23.1146
23.6817
24.0189
24.6173
23.9661
22.5931
22.1209
22.8627
22.9086
23.9618
22.7914
21.8533
20.6508
20.6508
21.3699
20.0255
19.6236
17.9626
16.0944
15.4261
13.7063
11.2529
11.2529
11.5928
11.3344
12.3788
11.3017
9.45347
7.12135
7.12135
9.89303
8.24576
8.24576
9.6954
5.52624
5.52624
8.94583
11.3847
11.6775
10.3418
6.53252
6.53252
9.60432
11.3147
10.9741
10.4196
10.4196
11.4998
9.34707
9.34707
11.5519
8.96828
8.96828
10.9523
10.2896
8.42663
8.42663
10.3949
7.04266
0
11.3685
11.3685
13.3556
14.1437
15.7966
16.3959
17.3913
17.8236
18.7957
17.7594
17.2378
15.9815
15.0793
12.8625
10.2529
6.67029
3.38158
7.77171
7.36775
9.42339
