-1.76741 1.47098
2.76023 1.71604
8.77798 1.7277
12.0343 1.77769
16.5385 1.85819
21.0329 1.90647
25.8238 1.82437
29.0074 1.68885
32.8533 1.53303
36.0534 1.40666
39.6396 1.33359
41.8404 0.462374
43.7942 -0.823656
45.3114 -2.63057
46.1547 -4.62435
46.4214 -7.10188
46.5315 -9.60647
46.3754 -11.9518
45.8395 -14.408
45.0917 -16.5191
43.6624 -19.0946
41.3708 -21.7448
37.8894 -24.0823
34.6192 -25.537
31.2371 -26.4068
27.4344 -27.594
24.486 -28.2705
21.9392 -28.5386
17.7755 -27.4987
14.972 -25.1539
13.4633 -23.7023
11.3511 -21.9369
9.28415 -20.3896
7.48269 -18.9189
4.77529 -17.4974
1.28692 -17.3325
-1.63456 -18.2752
-3.18016 -21.7284
-3.27438 -25.0198
-3.07865 -27.4276
-2.77655 -30.0822
-3.41877 -34.0817
-5.17109 -37.1475
-6.55103 -40.3906
-5.86514 -42.8609
-4.37825 -44.948
-2.17366 -47.4761
0.147199 -48.7633
4.08797 -48.8787
8.05413 -47.9153
11.9592 -47.6544
14.9585 -47.9343
17.6069 -48.6748
19.5698 -49.7748
22.6058 -52.183
25.3396 -55.3904
27.5253 -58.727
29.1631 -62.0327
30.1 -65.7213
30.184 -69.0217
29.2825 -72.0731
26.989 -73.9618
23.7643 -74.3952
19.9827 -74.2494
15.7002 -73.0293
11.5237 -71.9849
7.55355 -71.0137
3.99247 -70.1468
-0.0674841 -69.1022
-3.44294 -67.2303
-5.49108 -65.1113
-7.24658 -62.5955
-9.3619 -60.314
-11.5459 -58.3116
-14.4159 -54.9336
-16.5194 -52.5605
-18.5802 -50.1387
-21.8131 -46.6204
-24.7274 -43.4745
-25.751 -40.3974
-26.0484 -36.9694
-25.9323 -32.6186
-25.727 -28.6434
-25.0021 -24.6756
-24.2929 -20.8626
-23.3057 -17.2029
-22.1324 -13.6417
-20.7892 -9.27992
-18.4639 -6.41187
-15.603 -3.68632
-13.5752 -2.16537
-11.5153 -0.892189
-7.04407 0.440865
-4.11 1.11024
