-1.20602 -2.43355
3.17744 -1.93166
8.98492 -1.81287
12.131 -1.6833
16.79 -1.63331
21.0153 -1.57701
25.9486 -1.68376
29.0474 -1.72821
32.6113 -1.83629
35.9581 -2.02451
39.9076 -3.04624
42.1972 -5.73048
42.6433 -7.45692
42.6215 -9.84494
42.5234 -11.4701
42.159 -13.4853
41.4555 -15.1812
40.5319 -16.8791
38.5174 -18.9982
36.2033 -20.4702
32.758 -21.9731
28.4729 -23.4811
25.443 -24.1708
22.9636 -24.4945
18.7928 -23.4669
16.1731 -21.4518
13.5632 -18.8662
11.8889 -17.3636
10.3029 -16.0987
6.79879 -13.8654
4.32763 -13.5109
1.12235 -13.7132
-2.75449 -14.1651
-4.81521 -15.6758
-7.15336 -19.0829
-8.18481 -23.2157
-7.90845 -27.2383
-7.00958 -31.0444
-8.42184 -34.9205
-10.3445 -39.3096
-9.21645 -43.8143
-6.92103 -47.63
-4.60664 -50.5471
-2.35341 -51.8886
-0.166513 -52.8901
2.04048 -53.2716
4.15672 -53.3643
8.75109 -53.0567
12.9962 -52.1638
16.4457 -52.551
19.5888 -54.8792
21.4039 -57.2879
25.2617 -63.3922
26.2035 -65.976
26.1468 -68.3549
24.7094 -69.9152
21.1213 -70.2589
16.8923 -69.4642
12.5499 -68.4197
8.61344 -67.5238
5.12922 -66.6357
1.29116 -65.5181
-0.912131 -63.9998
-3.19342 -61.7584
-4.89043 -59.9211
-7.34334 -57.3784
-9.3252 -55.3642
-11.9278 -52.5852
-13.9914 -50.4044
-15.8563 -48.2912
-17.4221 -46.3397
-18.9642 -44.4713
-20.8697 -41.121
-21.7838 -39.5528
-22.1191 -36.9802
-22.3789 -33.3748
-22.2899 -29.8048
-21.6842 -25.6719
-20.8403 -21.7989
-19.7346 -18.0665
-18.8005 -14.3684
-17.4906 -10.8441
-15.5619 -8.86889
-13.9423 -7.2781
-11.8323 -5.82053
-9.6036 -4.78546
-6.35847 -3.62718
-3.79703 -2.90401
