0.667097
0.486464
0.30457
0.111592
0.0164615
0
0.0146653
0.0360724
0.0460072
0.0389244
1.48034e-23
7.74468e-23
0.155667
0.636212
1
0.9472
0.839784
0.392656
0.0365119
4.43425e-20
0.117373
0.214106
0.273202
0.15991
0.0977009
0
0.0505574
0.459538
0.910863
0.933323
1
0.709305
0.379944
0.293689
0.204477
0.130265
0.298488
0.343609
2.48056e-19
0.368422
0.405235
0.492441
0.70081
1
0.798946
0.541308
5.22157e-18
0.24476
0.57922
0.312495
1.34511e-19
0.0739023
0.227369
0.492008
0.666149
0.932616
1
0.850212
0.545243
0.19185
0.0337294
3.53993e-18
0.0197627
0.296569
1
0.995875
0.912629
0.363709
0.161834
0
2.40414e-18
0.0426616
0.173866
0.427802
0.790472
1
0.864167
0.540711
0.0868471
9.58369e-20
0.102124
0
1.35633e-18
0.0373674
0.301157
0.684584
0.8482
1
0.775265
0.503412
0.305365
0.244566
0.0361019
0
1.66562e-24
0.020232
0.215394
0.78481
1
0.943965
1
0.951774
0.845635
0.789352
0.745624
