-1.63234 0.175507 -1.49315 -1.1654
1.36327 0.337645 1.41455 -0.825933
4.36117 0.418294 4.37487 -0.607753
7.36117 0.424107 7.36589 -0.546573
10.361 0.450994 10.3746 -0.455408
13.3606 0.500329 13.3757 -0.370722
16.3601 0.553937 16.3731 -0.33856
19.3599 0.587571 19.3662 -0.299721
22.3596 0.582712 22.3497 -0.30641
25.3592 0.531309 25.3347 -0.371
28.3568 0.414555 28.3219 -0.418503
31.3543 0.291883 31.3224 -0.497427
34.3519 0.172023 34.3201 -0.631143
37.3503 0.0791358 37.3254 -1.0361
40.2818 -0.319336 39.7587 -1.66558
42.8848 -1.78182 41.694 -3.13737
44.5735 -4.22222 43.1196 -4.80863
45.1193 -7.14671 43.9301 -7.23855
45.1937 -10.1429 43.9096 -10.0933
44.7935 -13.1078 43.5987 -12.8343
43.9085 -15.9689 42.7527 -15.4494
42.4076 -18.5599 41.4158 -17.8377
40.4301 -20.8119 39.5482 -19.8023
37.9394 -22.4842 37.2521 -21.3451
35.2668 -23.8273 34.7293 -22.5327
32.4259 -24.7598 32.1194 -23.5771
29.54 -25.5758 29.2399 -24.5904
26.6675 -26.4372 26.3712 -25.2938
23.7327 -27.0436 23.5504 -25.7299
20.7806 -26.91 21.0931 -25.3732
17.977 -25.9727 18.6919 -24.7816
15.6858 -24.0369 16.3914 -23.2601
13.4716 -22.0152 14.1207 -21.2486
11.1269 -20.1455 11.8966 -19.1175
8.76926 -18.2914 9.58871 -17.1922
6.19395 -16.7745 6.79658 -15.406
3.33431 -16.1287 3.42058 -14.8717
0.374297 -16.2621 0.141369 -15.1373
-2.48075 -17.1833 -3.32533 -16.1969
-3.76525 -19.8559 -5.60589 -19.1273
-4.50793 -22.7045 -6.66729 -22.5075
-4.52265 -25.7014 -6.7025 -25.8156
-4.24302 -28.688 -6.17852 -28.9053
-4.34551 -31.6586 -5.77163 -31.4469
-5.15556 -34.5027 -6.62946 -33.8013
-6.57939 -37.1394 -7.73431 -36.5934
-7.75398 -39.8999 -8.89876 -39.7293
-7.23866 -42.7717 -8.0578 -43.0877
-5.71157 -45.3169 -6.45479 -45.8829
-3.7813 -47.6106 -4.62319 -48.4346
-1.41511 -49.3839 -2.02082 -50.5741
1.41071 -50.1017 1.26551 -51.8191
4.4043 -50.1407 4.62476 -52.031
7.31953 -49.4326 7.78744 -51.8192
10.2878 -49.0699 10.4254 -51.3771
13.2784 -49.084 13.118 -50.8701
16.2148 -49.6361 15.7422 -51.1647
18.9087 -50.91 18.0748 -52.1402
21.259 -52.7744 20.3212 -53.8043
23.2808 -54.9791 22.0569 -55.9943
25.0826 -57.3703 23.6207 -58.362
26.6637 -59.9158 25.1314 -60.7524
27.9698 -62.6134 26.5489 -63.1265
28.7084 -65.5211 27.4949 -65.7218
28.8712 -68.5082 27.4474 -68.3764
28.0885 -71.3737 26.2842 -70.1261
25.5806 -72.8404 25.1991 -71.1752
22.5983 -73.0501 22.6132 -71.4229
19.6227 -72.7958 19.9051 -71.3539
16.7375 -71.9738 17.0533 -70.818
13.8332 -71.2231 14.106 -70.1318
10.9217 -70.5 11.182 -69.4423
8.00759 -69.7871 8.25472 -68.7746
5.09275 -69.0774 5.35076 -68.0344
2.18483 -68.3401 2.48583 -67.2206
-0.610097 -67.3153 -0.0425408 -66.1782
-3.11225 -65.702 -2.14485 -64.6113
-5.07118 -63.4412 -4.07857 -62.7114
-6.89262 -61.0654 -6.1889 -60.4477
-8.97339 -58.9067 -8.32765 -58.2317
-11.1144 -56.8117 -10.38 -56.1399
-13.0568 -54.5255 -12.4124 -53.9697
-15.0376 -52.2725 -14.478 -51.7817
-16.9933 -49.9977 -16.478 -49.5515
-18.9961 -47.7648 -18.3901 -47.2105
-21.0267 -45.5565 -20.2501 -44.8396
-23.0655 -43.3557 -21.6685 -42.3457
-24.289 -40.6726 -22.8495 -40.3056
-24.6786 -37.7108 -23.344 -37.6364
-24.687 -34.7145 -23.5829 -34.7445
-24.5832 -31.7165 -23.6383 -31.7592
-24.4189 -28.7216 -23.4609 -28.8358
-23.8797 -25.7705 -23.0344 -25.9257
-23.3339 -22.8206 -22.43 -22.9928
-22.6842 -19.8941 -21.7054 -20.1457
-21.8714 -17.0071 -20.884 -17.3122
-20.9327 -14.1578 -20.1503 -14.4076
-20.0474 -11.2914 -19.1644 -11.6189
-18.6451 -8.70128 -17.8344 -9.33704
-16.6435 -6.4746 -15.8193 -7.30102
-14.441 -4.44118 -13.6037 -5.46551
-11.9904 -2.71539 -11.1458 -4.06952
-9.24363 -1.57252 -8.75806 -3.10443
-6.36271 -0.738096 -5.99571 -2.17498
-3.43198 -0.101624 -3.18853 -1.47323
-1.63234 0.175507 -1.49315 -1.1654
