-1.76673 1.47014
2.76091 1.7152
8.77866 1.72686
12.035 1.77685
16.5392 1.85735
21.0336 1.90563
25.8245 1.82353
29.0081 1.68801
32.854 1.53219
36.0541 1.40582
39.6403 1.33275
41.8411 0.461526
43.7949 -0.824504
45.3121 -2.63141
46.1554 -4.62519
46.4221 -7.10272
46.5322 -9.60731
46.3761 -11.9527
45.8402 -14.4089
45.0924 -16.52
43.6631 -19.0955
41.3715 -21.7457
37.8901 -24.0832
34.6199 -25.5379
31.2378 -26.4077
27.4351 -27.5949
24.4867 -28.2714
21.9399 -28.5395
17.7762 -27.4996
14.9727 -25.1548
13.464 -23.7032
11.3518 -21.9378
9.28483 -20.3905
7.48337 -18.9198
4.77597 -17.4983
1.2876 -17.3334
-1.63388 -18.2761
-3.17948 -21.7293
-3.2737 -25.0207
-3.07797 -27.4285
-2.77587 -30.0831
-3.41809 -34.0826
-5.17041 -37.1484
-6.55035 -40.3915
-5.86446 -42.8618
-4.37757 -44.9489
-2.17298 -47.477
0.147887 -48.7642
4.08865 -48.8796
8.05481 -47.9162
11.9599 -47.6553
14.9592 -47.9352
17.6076 -48.6757
19.5705 -49.7757
22.6065 -52.1839
25.3403 -55.3913
27.526 -58.7279
29.1638 -62.0336
30.1007 -65.7222
30.1847 -69.0226
29.2832 -72.074
26.9897 -73.9627
23.765 -74.3961
19.9834 -74.2503
15.7009 -73.0302
11.5244 -71.9858
7.55423 -71.0146
3.99315 -70.1477
-0.0667963 -69.1031
-3.44226 -67.2312
-5.4904 -65.1122
-7.2459 -62.5964
-9.36122 -60.3149
-11.5452 -58.3125
-14.4152 -54.9345
-16.5187 -52.5614
-18.5795 -50.1396
-21.8124 -46.6213
-24.7267 -43.4754
-25.7503 -40.3983
-26.0477 -36.9703
-25.9316 -32.6195
-25.7263 -28.6443
-25.0014 -24.6765
-24.2922 -20.8635
-23.305 -17.2038
-22.1317 -13.6426
-20.7885 -9.28076
-18.4632 -6.41271
-15.6023 -3.68716
-13.5745 -2.16621
-11.5146 -0.893037
-7.04339 0.440017
-4.10932 1.1094
