-1.20534 -2.43439
3.17812 -1.9325
8.9856 -1.81371
12.1317 -1.68414
16.7907 -1.63415
21.016 -1.57785
25.9493 -1.6846
29.0481 -1.72905
32.612 -1.83713
35.9588 -2.02535
39.9083 -3.04708
42.1979 -5.73132
42.644 -7.45776
42.6222 -9.84578
42.5241 -11.471
42.1597 -13.4862
41.4562 -15.1821
40.5326 -16.88
38.5181 -18.9991
36.204 -20.4711
32.7587 -21.974
28.4736 -23.482
25.4437 -24.1717
22.9643 -24.4954
18.7935 -23.4678
16.1738 -21.4527
13.5639 -18.8671
11.8896 -17.3645
10.3036 -16.0996
6.79947 -13.8663
4.32831 -13.5118
1.12303 -13.7141
-2.75381 -14.166
-4.81453 -15.6767
-7.15268 -19.0838
-8.18413 -23.2166
-7.90777 -27.2392
-7.0089 -31.0453
-8.42116 -34.9214
-10.3438 -39.3105
-9.21577 -43.8152
-6.92035 -47.6309
-4.60596 -50.548
-2.35273 -51.8895
-0.165825 -52.891
2.04116 -53.2725
4.1574 -53.3652
8.75177 -53.0576
12.9969 -52.1647
16.4464 -52.5519
19.5895 -54.8801
21.4046 -57.2888
25.2624 -63.3931
26.2042 -65.9769
26.1475 -68.3558
24.7101 -69.9161
21.122 -70.2598
16.893 -69.4651
12.5506 -68.4206
8.61412 -67.5247
5.1299 -66.6366
1.29184 -65.519
-0.911443 -64.0007
-3.19274 -61.7593
-4.88975 -59.922
-7.34266 -57.3793
-9.32452 -55.3651
-11.9271 -52.5861
-13.9907 -50.4053
-15.8556 -48.2921
-17.4214 -46.3406
-18.9635 -44.4722
-20.869 -41.1219
-21.7831 -39.5537
-22.1184 -36.9811
-22.3782 -33.3757
-22.2892 -29.8057
-21.6835 -25.6728
-20.8396 -21.7998
-19.7339 -18.0674
-18.7998 -14.3693
-17.4899 -10.845
-15.5612 -8.86973
-13.9416 -7.27894
-11.8316 -5.82137
-9.60292 -4.7863
-6.35779 -3.62802
-3.79635 -2.90485
