5.52835
11.4605
15.2109
18.1687
20.7035
22.9854
25.0938
27.0254
27.3163
24.8659
22.1376
19.0092
15.5162
13.3297
12.1678
12.1384
11.1153
10.8818
10.8818
12.7496
12.7496
13.8632
14.6489
15.7135
15.7135
17.367
16.8123
15.7781
15.6443
14.7627
13.5522
16.3599
16.3599
19.0168
15.4791
12.7302
10.8891
9.81303
9.36607
10.2055
13.0565
13.0565
16.4521
14.4029
18.3002
15.2003
11.4395
10.88
10.88
11.4527
11.4527
13.7264
15.4529
17.9485
19.231
16.428
14.4872
14.0546
14.0546
14.9531
14.9531
14.3791
10.8961
9.08428
9.08428
10.8928
9.11034
9.96134
12.6964
12.6964
16.1361
19.0342
21.4762
22.0209
20.5291
19.4718
20.7357
20.7357
22.0383
23.7069
25.5263
27.281
25.9368
23.4541
21.1989
19.4067
18.2025
16.7065
17.2282
17.2282
18.6414
20.0436
21.5015
23.0478
21.4194
19.3513
17.6575
16.5557
15.2514
15.2514
16.446
17.3007
18.588
19.2499
20.4473
