-1.63327 0.176677 -1.49408 -1.16423
1.36235 0.338816 1.41363 -0.824763
4.36025 0.419465 4.37395 -0.606583
7.36024 0.425277 7.36496 -0.545402
10.3601 0.452164 10.3737 -0.454237
13.3596 0.501499 13.3748 -0.369551
16.3592 0.555107 16.3722 -0.337389
19.359 0.588742 19.3653 -0.298551
22.3587 0.583882 22.3488 -0.305239
25.3582 0.53248 25.3338 -0.36983
28.3558 0.415725 28.3209 -0.417332
31.3533 0.293053 31.3215 -0.496256
34.3509 0.173194 34.3192 -0.629972
37.3494 0.0803064 37.3245 -1.03492
40.2808 -0.318165 39.7578 -1.66441
42.8839 -1.78065 41.6931 -3.13619
44.5725 -4.22105 43.1186 -4.80745
45.1184 -7.14554 43.9291 -7.23738
45.1928 -10.1417 43.9087 -10.0922
44.7926 -13.1066 43.5977 -12.8331
43.9076 -15.9677 42.7518 -15.4482
42.4067 -18.5587 41.4149 -17.8365
40.4292 -20.8107 39.5473 -19.8011
37.9385 -22.483 37.2512 -21.3439
35.2659 -23.8261 34.7283 -22.5315
32.425 -24.7587 32.1185 -23.5759
29.5391 -25.5747 29.239 -24.5893
26.6666 -26.436 26.3703 -25.2926
23.7318 -27.0424 23.5495 -25.7287
20.7796 -26.9088 21.0922 -25.3721
17.976 -25.9716 18.691 -24.7805
15.6849 -24.0357 16.3904 -23.2589
13.4707 -22.0141 14.1198 -21.2474
11.1259 -20.1443 11.8957 -19.1163
8.76834 -18.2902 9.58779 -17.1911
6.19302 -16.7733 6.79565 -15.4048
3.33338 -16.1275 3.41965 -14.8705
0.373371 -16.2609 0.140442 -15.1361
-2.48167 -17.1822 -3.32626 -16.1957
-3.76618 -19.8547 -5.60682 -19.1262
-4.50885 -22.7033 -6.66822 -22.5064
-4.52358 -25.7002 -6.70343 -25.8145
-4.24395 -28.6868 -6.17945 -28.9042
-4.34644 -31.6574 -5.77256 -31.4457
-5.15649 -34.5015 -6.63038 -33.8001
-6.58031 -37.1383 -7.73523 -36.5922
-7.75491 -39.8987 -8.89969 -39.7282
-7.23959 -42.7705 -8.05873 -43.0865
-5.7125 -45.3157 -6.45572 -45.8817
-3.78223 -47.6094 -4.62412 -48.4335
-1.41604 -49.3827 -2.02174 -50.573
1.40978 -50.1005 1.26458 -51.8179
4.40337 -50.1395 4.62383 -52.0298
7.3186 -49.4314 7.78652 -51.8181
10.2869 -49.0687 10.4245 -51.3759
13.2774 -49.0828 13.1171 -50.8689
16.2139 -49.6349 15.7412 -51.1635
18.9078 -50.9088 18.0738 -52.1391
21.2581 -52.7732 20.3203 -53.8031
23.2799 -54.9779 22.056 -55.9931
25.0817 -57.3691 23.6198 -58.3608
26.6628 -59.9146 25.1305 -60.7512
27.9689 -62.6123 26.548 -63.1253
28.7074 -65.5199 27.494 -65.7206
28.8703 -68.507 27.4465 -68.3752
28.0876 -71.3726 26.2833 -70.1249
25.5797 -72.8392 25.1982 -71.174
22.5974 -73.049 22.6123 -71.4217
19.6217 -72.7946 19.9042 -71.3527
16.7365 -71.9726 17.0524 -70.8168
13.8323 -71.2219 14.105 -70.1306
10.9207 -70.4988 11.181 -69.4412
8.00666 -69.786 8.25379 -68.7735
5.09182 -69.0762 5.34983 -68.0333
2.1839 -68.3389 2.48491 -67.2195
-0.611025 -67.3141 -0.0434691 -66.177
-3.11318 -65.7009 -2.14577 -64.6101
-5.0721 -63.44 -4.07949 -62.7102
-6.89354 -61.0642 -6.18983 -60.4465
-8.97432 -58.9056 -8.32858 -58.2306
-11.1153 -56.8105 -10.3809 -56.1387
-13.0578 -54.5243 -12.4133 -53.9685
-15.0385 -52.2713 -14.4789 -51.7805
-16.9942 -49.9965 -16.4789 -49.5503
-18.9971 -47.7636 -18.3911 -47.2093
-21.0276 -45.5553 -20.251 -44.8384
-23.0664 -43.3545 -21.6694 -42.3445
-24.2899 -40.6715 -22.8504 -40.3044
-24.6795 -37.7096 -23.3449 -37.6353
-24.688 -34.7134 -23.5838 -34.7433
-24.5841 -31.7154 -23.6392 -31.758
-24.4198 -28.7205 -23.4619 -28.8346
-23.8807 -25.7693 -23.0354 -25.9245
-23.3348 -22.8194 -22.431 -22.9916
-22.6852 -19.893 -21.7063 -20.1445
-21.8724 -17.0059 -20.8849 -17.3111
-20.9336 -14.1566 -20.1512 -14.4064
-20.0483 -11.2902 -19.1654 -11.6177
-18.646 -8.70011 -17.8354 -9.33587
-16.6444 -6.47343 -15.8202 -7.29985
-14.4419 -4.44001 -13.6046 -5.46434
-11.9913 -2.71422 -11.1468 -4.06835
-9.24456 -1.57135 -8.75899 -3.10325
-6.36364 -0.736925 -5.99664 -2.17381
-3.43291 -0.100453 -3.18946 -1.47206
-1.63327 0.176677 -1.49408 -1.16423
