-1.76765 1.47131
2.75999 1.71637
8.77774 1.72803
12.0341 1.77802
16.5383 1.85852
21.0327 1.9068
25.8236 1.8247
29.0072 1.68918
32.8531 1.53336
36.0532 1.40699
39.6394 1.33392
41.8402 0.462696
43.794 -0.823334
45.3112 -2.63024
46.1545 -4.62402
46.4212 -7.10155
46.5313 -9.60614
46.3752 -11.9515
45.8393 -14.4077
45.0915 -16.5188
43.6622 -19.0943
41.3706 -21.7445
37.8892 -24.082
34.619 -25.5367
31.2369 -26.4065
27.4342 -27.5937
24.4858 -28.2702
21.939 -28.5383
17.7753 -27.4984
14.9718 -25.1536
13.4631 -23.702
11.3509 -21.9366
9.28391 -20.3893
7.48245 -18.9186
4.77505 -17.4971
1.28668 -17.3322
-1.6348 -18.2749
-3.1804 -21.7281
-3.27462 -25.0195
-3.07889 -27.4273
-2.77679 -30.0819
-3.41901 -34.0814
-5.17133 -37.1472
-6.55127 -40.3903
-5.86538 -42.8606
-4.37849 -44.9477
-2.1739 -47.4758
0.146959 -48.763
4.08773 -48.8784
8.05389 -47.915
11.959 -47.6541
14.9583 -47.934
17.6067 -48.6745
19.5696 -49.7745
22.6056 -52.1827
25.3394 -55.3901
27.5251 -58.7267
29.1629 -62.0324
30.0998 -65.721
30.1838 -69.0214
29.2823 -72.0728
26.9888 -73.9615
23.7641 -74.3949
19.9825 -74.2491
15.7 -73.029
11.5235 -71.9846
7.55331 -71.0134
3.99223 -70.1465
-0.067724 -69.1019
-3.44318 -67.23
-5.49132 -65.111
-7.24682 -62.5952
-9.36214 -60.3137
-11.5461 -58.3113
-14.4161 -54.9333
-16.5196 -52.5602
-18.5804 -50.1384
-21.8133 -46.6201
-24.7276 -43.4742
-25.7512 -40.3971
-26.0486 -36.9691
-25.9325 -32.6183
-25.7272 -28.6431
-25.0023 -24.6753
-24.2931 -20.8623
-23.3059 -17.2026
-22.1326 -13.6414
-20.7894 -9.27959
-18.4641 -6.41154
-15.6032 -3.68599
-13.5754 -2.16504
-11.5155 -0.891867
-7.04431 0.441187
-4.11024 1.11057
