-1.20626 -2.43322
3.1772 -1.93133
8.98468 -1.81254
12.1308 -1.68297
16.7898 -1.63298
21.0151 -1.57668
25.9484 -1.68343
29.0472 -1.72788
32.6111 -1.83596
35.9579 -2.02418
39.9074 -3.04591
42.197 -5.73015
42.6431 -7.45659
42.6213 -9.84461
42.5232 -11.4698
42.1588 -13.485
41.4553 -15.1809
40.5317 -16.8788
38.5172 -18.9979
36.2031 -20.4699
32.7578 -21.9728
28.4727 -23.4808
25.4428 -24.1705
22.9634 -24.4942
18.7926 -23.4666
16.1729 -21.4515
13.563 -18.8659
11.8887 -17.3633
10.3027 -16.0984
6.79855 -13.8651
4.32739 -13.5106
1.12211 -13.7129
-2.75473 -14.1648
-4.81545 -15.6755
-7.1536 -19.0826
-8.18505 -23.2154
-7.90869 -27.238
-7.00982 -31.0441
-8.42208 -34.9202
-10.3447 -39.3093
-9.21669 -43.814
-6.92127 -47.6297
-4.60688 -50.5468
-2.35365 -51.8883
-0.166753 -52.8898
2.04024 -53.2713
4.15648 -53.364
8.75085 -53.0564
12.996 -52.1635
16.4455 -52.5507
19.5886 -54.8789
21.4037 -57.2876
25.2615 -63.3919
26.2033 -65.9757
26.1466 -68.3546
24.7092 -69.9149
21.1211 -70.2586
16.8921 -69.4639
12.5497 -68.4194
8.6132 -67.5235
5.12898 -66.6354
1.29092 -65.5178
-0.912371 -63.9995
-3.19366 -61.7581
-4.89067 -59.9208
-7.34358 -57.3781
-9.32544 -55.3639
-11.928 -52.5849
-13.9916 -50.4041
-15.8565 -48.2909
-17.4223 -46.3394
-18.9644 -44.471
-20.8699 -41.1207
-21.784 -39.5525
-22.1193 -36.9799
-22.3791 -33.3745
-22.2901 -29.8045
-21.6844 -25.6716
-20.8405 -21.7986
-19.7348 -18.0662
-18.8007 -14.3681
-17.4908 -10.8438
-15.5621 -8.86856
-13.9425 -7.27777
-11.8325 -5.8202
-9.60384 -4.78513
-6.35871 -3.62685
-3.79727 -2.90368
