20.7885
21.6079
12.1867
15.785
18.7396
21.288
23.5513
25.6222
27.474
26.4444
23.88
20.9759
17.6023
13.634
9.40859
9.6472
9.32576
12.4222
15.719
13.9549
13.0409
12.7217
12.3033
12.3033
15.2244
17.4672
18.7879
15.2776
11.2671
12.4592
10.0337
10.0337
14.1581
17.4196
14.4907
10.4716
10.4716
11.9405
7.7284
7.7284
12.0405
12.0405
14.211
9.6989
9.6989
13.812
8.23728
8.23728
12.481
12.4788
10.6536
10.6536
13.5141
15.1446
16.1542
12.1398
11.342
12.4945
12.4945
14.1431
16.9064
16.6583
13.024
10.92
8.56576
7.01865
7.01865
10.636
14.1469
15.2511
18.3001
20.9026
22.2525
19.1339
15.423
12.2738
12.2738
13.8939
17.1234
19.5734
21.9536
23.4553
25.516
23.2717
20.3095
16.7806
13.1925
10.674
18.0686
18.0686
20.448
18.8238
22.0728
24.1096
23.0977
20.8153
17.402
13.3714
12.2827
12.2827
15.2087
14.0594
14.0594
16.939
18.7808
