-50.194900 -8.581000
-49.879900 -5.797000
-48.755900 -3.352000
-47.041900 -1.515000
-45.070900 -0.012004
-42.529900 0.818996
-39.591900 1.182000
-36.051900 1.081000
-32.780900 0.857996
-29.348900 -0.267004
-26.987900 -1.580000
-24.412900 -3.360000
-21.926900 -4.921000
-19.722900 -6.307000
-16.588900 -7.804000
-13.988900 -8.644000
-11.551900 -7.890000
-9.345910 -6.117000
-7.461910 -3.767000
-5.460910 -1.677000
-3.234910 -0.044004
-0.532914 1.249000
2.527090 2.010000
4.778090 2.001000
7.198090 1.940000
8.769090 2.135000
12.599100 2.238000
16.237100 2.330000
19.247100 2.461000
22.454100 2.344000
25.155100 1.305000
27.425100 -0.434004
29.434100 -1.895000
31.944100 -3.202000
34.508100 -3.554000
37.398100 -3.772000
40.320100 -3.586000
43.302100 -3.776000
45.554100 -4.667000
47.242100 -6.213000
48.531100 -8.455000
49.095100 -10.523000
48.897100 -12.717000
47.794100 -14.591000
46.462100 -15.990000
44.817100 -16.959000
42.808100 -17.509000
40.404100 -17.883000
37.741100 -18.118000
34.243100 -18.389000
30.654100 -18.761000
28.066100 -19.275000
26.004100 -20.466000
23.986100 -22.002000
20.653100 -23.578000
17.508100 -24.442000
14.423100 -24.767000
10.343100 -25.242000
6.290090 -25.564000
1.745090 -26.018000
-2.797910 -26.444000
-6.826910 -26.823000
-11.053900 -27.223000
-14.120900 -26.986000
-16.663900 -26.071000
-18.779900 -25.002000
-20.399900 -23.530000
-21.713900 -21.935000
-23.132900 -20.317000
-24.926900 -18.590000
-27.199900 -16.426000
-30.266900 -15.530000
-32.736900 -15.842000
-35.136900 -16.885000
-38.188900 -17.747000
-41.341900 -17.714000
-44.308900 -16.954000
-46.423900 -15.512000
-48.301900 -13.491000
-49.522900 -11.225000
---
-0.540914 -2.651000
2.487090 -1.805000
4.678090 -1.602000
6.976090 -1.372000
9.123090 -1.384000
9.928090 -1.573000
13.617100 -1.213000
17.152100 -1.061000
20.671100 -1.220000
23.908100 -2.114000
26.135100 -3.762000
28.484100 -5.788000
30.997100 -7.193000
33.457100 -7.613000
36.432100 -7.749000
39.370100 -7.528000
42.094100 -7.883000
43.828100 -9.108000
44.060100 -11.479000
42.365100 -13.300000
40.364100 -13.729000
37.962100 -14.201000
35.091100 -14.617000
32.554100 -15.007000
31.894100 -14.731000
29.147100 -15.173000
26.792100 -15.583000
24.726100 -16.473000
22.824100 -17.859000
20.849100 -19.758000
17.946100 -20.776000
14.559100 -21.323000
11.535100 -21.729000
8.896090 -22.153000
5.613090 -22.467000
1.727090 -22.784000
-1.815910 -23.046000
-5.521910 -23.268000
-9.173910 -23.487000
-12.087900 -23.678000
-15.038900 -22.789000
-17.567900 -21.272000
-19.354900 -19.443000
-21.006900 -17.550000
-22.724900 -15.820000
-24.599900 -14.197000
-26.925900 -12.501000
-29.311900 -11.692000
-31.783900 -11.548000
-34.082900 -12.255000
-36.336900 -13.220000
-39.243900 -14.169000
-42.576900 -13.975000
-44.625900 -12.698000
-45.910900 -10.304000
-45.936900 -7.515000
-45.018900 -5.192000
-43.328900 -3.993000
-41.058900 -3.137000
-38.056900 -2.778000
-35.542900 -2.630000
-32.585900 -3.247000
-30.099900 -4.161000
-27.093900 -5.534000
-24.164900 -7.273000
-22.209900 -8.573000
-20.105900 -10.012000
-17.472900 -11.529000
-14.675900 -12.570000
-11.789900 -12.551000
-9.252910 -11.508000
-7.128910 -9.542000
-5.634910 -7.487000
-3.567910 -5.009000
-0.540914 -2.651000
