6.494472 41.738911
8.491891 41.803745
10.484875 41.869057
12.473517 41.931916
14.457901 41.989410
16.438086 42.038645
22.353429 42.108144
24.316507 42.095789
26.274894 42.060996
28.228247 42.000996
30.176115 41.913044
32.079595 41.789608
33.881720 41.591417
37.123805 40.804228
38.510800 40.163183
40.749815 38.298087
41.642801 37.057274
42.368495 35.654113
42.923741 34.122086
43.456238 30.941838
43.404183 29.368242
43.131090 27.845434
42.637338 26.408133
41.921361 25.072363
39.849339 22.673348
37.133077 20.732566
35.643875 19.994756
34.097020 19.436665
32.511701 19.070970
30.910516 18.908114
29.305020 18.954569
27.685183 19.204528
24.475911 20.257079
21.368569 21.937774
19.807219 22.977518
18.204062 24.105468
16.529182 25.277807
14.749028 26.444619
10.756617 28.512292
8.590357 29.267111
6.369701 29.803493
4.117536 30.125237
-0.405973 30.150058
-2.757404 29.808350
-7.530328 27.763010
-9.558823 25.836060
-10.996741 23.444654
-11.753094 20.772815
-11.794555 18.009888
-11.137707 15.339859
-9.843298 12.929391
-4.318649 8.327178
-2.648218 7.336849
-1.233962 6.386691
-0.139160 5.413106
0.583196 4.422320
1.008467 3.260000
1.424522 -0.235410
1.707698 -2.501573
2.433957 -5.027463
5.901188 -9.362414
8.132192 -10.672306
10.410849 -11.524918
14.717458 -12.416233
16.661200 -12.713542
18.466920 -13.052768
20.251358 -13.490227
22.027504 -14.020810
23.793849 -14.635127
29.038055 -16.886487
30.768162 -17.739263
32.376078 -18.603981
33.789774 -19.516638
34.966733 -20.509046
35.861486 -21.580878
36.461286 -22.745131
36.871148 -25.455791
36.669661 -26.893066
35.517548 -29.686741
34.636903 -30.901117
33.588828 -31.923334
32.402666 -32.718401
29.621102 -33.588601
27.984920 -33.717019
26.218310 -33.684802
24.330960 -33.546568
22.320806 -33.372661
18.132802 -33.196440
14.142992 -33.173196
12.231350 -33.126688
10.377835 -33.013205
8.588294 -32.804058
6.840646 -32.472537
5.070099 -32.017251
3.273225 -31.464055
-0.418688 -30.179670
-4.096277 -28.823824
-5.892022 -28.112286
-7.652559 -27.364567
-9.373558 -26.570622
-11.077255 -25.716405
-14.477517 -23.856244
-16.185234 -22.873843
-17.906698 -21.872450
-19.628090 -20.871754
-22.928385 -18.869702
-24.479081 -17.827705
-27.305127 -15.580109
-28.544848 -14.353017
-29.653022 -13.040484
-30.644441 -11.623468
-31.516960 -10.114636
-32.269226 -8.527392
-32.901662 -6.874210
-34.116006 -1.608038
-34.326161 0.237322
-34.462417 2.118809
-34.540704 4.032736
-34.577953 5.977006
-34.592006 7.950667
-34.620301 11.962838
-34.646352 13.965647
-34.675155 15.961650
-34.723035 19.933473
-34.733235 21.909351
-34.728434 23.878478
-34.646639 27.732007
-34.488791 29.453211
-34.167400 30.983351
-33.652339 32.283500
-32.954044 33.300105
-32.015388 34.079212
-28.786722 35.702723
-26.873707 36.706730
-21.762383 39.595866
-20.141863 40.354999
-18.528628 40.959663
-16.926916 41.380585
-15.294759 41.606004
-13.531211 41.677768
-9.642895 41.585327
-7.611130 41.542155
-5.583187 41.522605
-1.539761 41.542701
0.475431 41.576553
2.486197 41.622439
---
8.294834 47.800508
10.290364 47.865904
12.290385 47.929121
14.294982 47.987198
16.304216 48.037151
18.318113 48.075978
24.387220 48.095372
26.418834 48.059269
28.454224 47.996739
30.492911 47.904675
32.571548 47.769406
34.735435 47.530371
36.967189 47.109092
41.460808 45.387880
43.548617 43.946668
46.763777 40.183871
47.871174 38.045874
48.675903 35.828732
49.209576 33.530846
49.371791 28.745624
48.940253 26.344225
48.137935 24.011587
46.971877 21.833183
45.518391 19.893755
42.034452 16.752185
38.002426 14.477760
35.797459 13.682666
33.496570 13.152352
31.130256 12.912139
28.749541 12.980338
26.427582 13.337805
24.193541 13.945230
20.047599 15.753450
16.395186 18.042133
14.734493 19.210358
13.140197 20.326567
11.583354 21.347707
10.042803 22.234184
6.900069 23.510122
5.243103 23.910211
3.546143 24.152507
1.824535 24.238495
-1.496470 23.942342
-2.886118 23.518850
-4.876635 22.084112
-5.488605 21.065484
-5.815673 19.908508
-5.833492 18.692327
-5.539176 17.497741
-4.950129 16.401695
-4.053179 15.410762
0.492122 12.449409
2.386538 11.171248
4.263640 9.489300
5.872633 7.254608
6.836286 4.687069
7.228685 2.318235
7.609683 -1.421497
7.975091 -2.726192
8.548020 -3.680091
10.660132 -5.230843
12.116799 -5.772550
13.780517 -6.172615
17.623109 -6.791149
19.738859 -7.189136
21.829895 -7.701598
23.877126 -8.313017
25.879752 -9.009382
27.838515 -9.777261
33.482866 -12.388526
35.388427 -13.414978
37.324320 -14.668238
39.192296 -16.249396
40.845537 -18.240334
42.070552 -20.615311
42.734659 -23.159677
42.514708 -28.247846
41.753804 -30.614458
39.183118 -34.816717
37.377056 -36.576218
35.252367 -37.998477
32.879132 -38.993483
28.127052 -39.715336
25.904603 -39.676596
23.812103 -39.524091
21.846479 -39.353883
19.974283 -39.241819
16.093748 -39.184719
11.992825 -39.121945
9.863524 -38.991122
7.690150 -38.736455
5.517827 -38.324900
3.423822 -37.786980
1.406829 -37.166384
-0.541821 -36.502718
-4.340156 -35.141043
-8.164360 -33.665346
-10.076778 -32.853024
-11.979223 -31.975297
-13.842809 -31.041038
-15.662393 -30.068280
-19.195808 -28.063876
-20.923824 -27.058678
-22.652477 -26.053751
-24.407708 -25.014449
-27.936078 -22.731700
-29.669854 -21.438147
-32.945356 -18.431684
-34.410757 -16.696159
-35.706508 -14.844567
-36.831311 -12.899896
-37.787892 -10.882033
-38.581175 -8.808930
-39.217870 -6.696526
-40.301181 -0.309612
-40.453341 1.788901
-40.538279 3.862173
-40.577554 5.907777
-40.591950 7.924661
-40.601420 9.912756
-40.645756 13.881085
-40.674533 15.875322
-40.701739 17.876349
-40.733226 21.898936
-40.728287 23.920440
-40.703337 25.948560
-40.429160 30.297020
-39.926063 32.667929
-38.966573 35.068983
-37.402255 37.326693
-35.292430 39.105244
-33.205619 40.254971
-29.793583 41.948326
-28.117916 42.911373
-22.488256 45.877176
-20.365568 46.671550
-18.109339 47.262921
-15.790920 47.585455
-13.568163 47.677655
-11.464425 47.645759
-7.519886 47.541461
-5.557378 47.522549
-3.590589 47.523674
0.355198 47.575348
2.334044 47.620509
4.316850 47.674933
