2.42911 -1.78448
6.75164 -1.60272
11.0721 -1.64113
15.4078 -1.81724
19.7743 -2.04659
24.1864 -2.24236
28.6584 -2.31528
33.2037 -2.17381
37.7941 -1.76679
42.0508 -1.59799
45.7291 -2.41172
48.8951 -4.4674
51.2463 -7.45324
52.7422 -11.0925
53.4518 -15.0524
53.3464 -19.0878
52.3987 -23.0778
50.5313 -26.4558
47.7045 -28.6894
44.0568 -29.9463
40.1073 -30.2868
35.8738 -30.1149
31.4113 -29.9115
26.9418 -29.8337
22.4994 -29.834
18.079 -29.8628
13.6595 -29.8991
9.22962 -29.9577
4.78948 -30.0554
0.352245 -30.1945
-4.05039 -30.3237
-8.42273 -30.3956
-12.872 -30.5097
-17.4395 -30.8347
-21.7571 -31.0179
-25.4921 -30.2679
-28.5816 -28.226
-30.5716 -25.2226
-31.6875 -21.4269
-32.1485 -17.3104
-31.7309 -13.3942
-30.2987 -9.78946
-27.9592 -6.53373
-24.9453 -3.94791
-21.533 -2.56568
-17.571 -2.10306
-13.2122 -2.03909
-8.80866 -2.04997
-4.41001 -2.05872
