2.06102 2.19854
6.64209 2.39578
11.1483 2.35815
15.5917 2.17853
19.986 1.94781
24.3455 1.75448
28.6853 1.68463
33.0213 1.82203
37.3982 2.21357
42.0359 2.40199
46.8894 1.41629
51.2939 -1.2665
54.546 -5.19228
56.5148 -9.76302
57.417 -14.5259
57.3361 -19.3749
56.2406 -24.1911
53.8822 -28.6401
49.9306 -32.0127
45.1333 -33.7987
40.2798 -34.2831
35.654 -34.1089
31.2619 -33.9087
26.8955 -33.8334
22.5117 -33.834
18.1064 -33.8627
13.6954 -33.899
9.28938 -33.9572
4.88831 -34.0542
0.482593 -34.1924
-3.94213 -34.3222
-8.36777 -34.3952
-12.7398 -34.5075
-17.1017 -34.8204
-21.7115 -35.0176
-26.5753 -34.1184
-31.0333 -31.3866
-34.0668 -27.1678
-35.5716 -22.3828
-36.1388 -17.5891
-35.6779 -12.7453
-33.927 -8.10565
-31.0854 -4.03837
-27.3642 -0.762154
-22.7581 1.2421
-17.8813 1.88488
-13.2374 1.96084
-8.79194 1.95
-4.40993 1.94129
