29.9467
31.3243
32.5784
33.3
33.3
33.3
33.3
31.6465
29.5609
27.3255
24.8929
22.1406
19.6066
17.6264
16.1624
14.9611
14.5813
14.1675
13.9864
14.0602
14.0602
14.2756
14.3744
13.954
13.8463
13.8463
14.2175
14.2175
15.2047
15.476
16.877
18.4224
20.2727
22.3601
24.5138
26.4906
28.2334
29.776
31.1682
32.4425
33.3
33.3
33.3
33.3
32.9556
30.9083
28.7146
26.3389
23.7271
20.8631
18.336
16.457
15.1661
14.091
13.7746
13.4899
13.4177
13.8107
13.8107
14.2042
14.1275
14.1275
14.4277
14.4277
15.5876
16.2061
16.8846
17.8608
18.8252
20.205
21.8455
23.6795
25.6234
27.481
29.1083
