2.11463 0.899883 2.17232 -0.493494
5.11185 1.02893 5.16069 -0.368231
8.11036 1.0837 8.11137 -0.314527
11.1103 1.05865 11.0762 -0.340885
14.1078 0.937676 14.0483 -0.460723
17.1045 0.797532 17.0335 -0.600616
20.1004 0.64168 20.0332 -0.756575
23.0975 0.50877 23.0443 -0.890183
26.0961 0.426364 26.0699 -0.972671
29.0955 0.397215 29.1125 -1.00028
32.094 0.492232 32.1602 -0.905422
35.0856 0.701751 35.2064 -0.690887
38.0755 0.940256 38.1569 -0.451143
41.0731 1.06204 41.0261 -0.337365
44.0295 0.670758 43.772 -0.647133
46.8972 -0.11055 46.3781 -1.28301
49.4594 -1.67115 48.6589 -2.76394
51.6192 -3.69698 50.6325 -4.57243
53.4922 -6.0322 52.3295 -6.72749
54.679 -8.78747 53.402 -9.27864
55.5471 -11.6403 54.2153 -11.9436
56.1055 -14.5878 54.711 -14.7102
56.0656 -17.5866 54.6875 -17.5225
55.7348 -20.5523 54.393 -20.3059
55.0695 -23.4775 53.7506 -23.0104
53.7293 -26.1523 52.5571 -25.4777
51.9965 -28.5401 51.0924 -27.669
49.7146 -30.4876 48.972 -29.3444
47.0083 -31.7132 46.5462 -30.4633
44.1572 -32.5894 43.9023 -31.2642
41.1721 -32.8874 41.0906 -31.5066
38.1782 -32.9028 38.2219 -31.5111
35.1805 -32.7858 35.24 -31.3872
32.1836 -32.6492 32.2355 -31.2502
29.1848 -32.5725 29.2097 -31.1732
26.1851 -32.5333 26.1931 -31.1335
23.1851 -32.5337 23.1819 -31.1338
20.1852 -32.5489 20.176 -31.149
17.1853 -32.57 17.1745 -31.1701
14.1854 -32.5947 14.1712 -31.1947
11.1856 -32.6318 11.1663 -31.232
8.18604 -32.681 8.15834 -31.2814
5.18676 -32.7471 5.15038 -31.3476
2.18816 -32.8381 2.14456 -31.4387
-0.810446 -32.9296 -0.852111 -31.5302
-3.80916 -33.0175 -3.84189 -31.6179
-6.8087 -33.0691 -6.8336 -31.6694
-9.80802 -33.1316 -9.84165 -31.7322
-12.807 -33.2088 -12.875 -31.813
-15.7993 -33.4234 -15.8919 -32.0277
-18.7943 -33.5914 -18.8595 -32.1959
-21.7889 -33.6811 -21.6812 -32.3156
-24.7389 -33.1357 -24.3948 -31.814
-27.478 -32.0405 -26.8725 -30.9138
-30.0359 -30.473 -29.0974 -29.4433
-31.8173 -28.0696 -30.7269 -27.342
-33.2385 -25.4687 -32.0016 -24.968
-34.1385 -22.6068 -32.7896 -22.2877
-34.5863 -19.6481 -33.2118 -19.4979
-34.7454 -16.6666 -33.3919 -16.7089
-34.4612 -13.6801 -33.097 -13.943
-33.5677 -10.8349 -32.3041 -11.3154
-32.3469 -8.11334 -31.1808 -8.7888
-30.6287 -5.65408 -29.5551 -6.52641
-28.5383 -3.52753 -27.6297 -4.5377
-26.2042 -1.67483 -25.5477 -2.78899
-23.4534 -0.477848 -23.0011 -1.75745
-20.564 0.220299 -20.3494 -1.11839
-17.5881 0.589737 -17.4923 -0.80153
-14.5885 0.638801 -14.5709 -0.758656
-11.5887 0.657047 -11.5886 -0.742866
-8.5887 0.649825 -8.59177 -0.750168
-5.58871 0.643862 -5.57694 -0.756165
-2.59013 0.712847 -2.54618 -0.6827
0.407505 0.832017 0.463905 -0.561999
2.11463 0.899883 2.17232 -0.493494
