2.06085 2.19877
6.64192 2.39601
11.1481 2.35838
15.5915 2.17876
19.9858 1.94804
24.3453 1.75471
28.6851 1.68486
33.0211 1.82226
37.398 2.2138
42.0357 2.40222
46.8892 1.41652
51.2937 -1.26627
54.5458 -5.19205
56.5146 -9.76279
57.4168 -14.5257
57.3359 -19.3747
56.2404 -24.1909
53.882 -28.6399
49.9304 -32.0125
45.1331 -33.7985
40.2796 -34.2829
35.6538 -34.1087
31.2617 -33.9085
26.8953 -33.8332
22.5115 -33.8338
18.1062 -33.8625
13.6952 -33.8988
9.28921 -33.957
4.88814 -34.054
0.482427 -34.1922
-3.9423 -34.322
-8.36794 -34.395
-12.74 -34.5073
-17.1019 -34.8202
-21.7117 -35.0174
-26.5755 -34.1182
-31.0335 -31.3864
-34.067 -27.1676
-35.5718 -22.3826
-36.139 -17.5889
-35.6781 -12.7451
-33.9272 -8.10542
-31.0856 -4.03814
-27.3644 -0.761923
-22.7583 1.24233
-17.8815 1.88511
-13.2376 1.96107
-8.79211 1.95023
-4.4101 1.94152
