2.42894 -1.78425
6.75147 -1.60249
11.0719 -1.6409
15.4076 -1.81701
19.7741 -2.04636
24.1862 -2.24213
28.6582 -2.31505
33.2035 -2.17358
37.7939 -1.76656
42.0506 -1.59776
45.7289 -2.41149
48.8949 -4.46717
51.2461 -7.45301
52.742 -11.0923
53.4516 -15.0522
53.3462 -19.0876
52.3985 -23.0776
50.5311 -26.4556
47.7043 -28.6892
44.0566 -29.9461
40.1071 -30.2866
35.8736 -30.1147
31.4111 -29.9113
26.9416 -29.8335
22.4992 -29.8338
18.0788 -29.8626
13.6593 -29.8989
9.22945 -29.9575
4.78931 -30.0552
0.352079 -30.1943
-4.05056 -30.3235
-8.4229 -30.3954
-12.8722 -30.5095
-17.4397 -30.8345
-21.7573 -31.0177
-25.4923 -30.2677
-28.5818 -28.2258
-30.5718 -25.2224
-31.6877 -21.4267
-32.1487 -17.3102
-31.7311 -13.394
-30.2989 -9.78923
-27.9594 -6.5335
-24.9455 -3.94768
-21.5332 -2.56545
-17.5712 -2.10283
-13.2124 -2.03886
-8.80883 -2.04974
-4.41018 -2.05849
