8.55599
13.2307
16.5998
19.3642
21.7104
23.9335
25.9723
27.786
28.099
25.8326
23.9796
21.6312
18.4132
14.8343
14.1586
10.8254
13.7779
13.7779
11.618
11.618
15
13.7613
13.7613
15.375
12.5424
12.5424
11.4787
11.6908
11.6908
13.4319
13.4319
16.433
19.1486
21.6487
23.8314
25.8541
27.6827
29.2862
30.7241
32.035
33.2441
33.3
33.3
33.3
32.24
30.1476
27.999
25.5603
22.8546
20.4796
17.0604
12.878
12.878
12.5465
9.98774
9.98774
13.4764
13.4764
15.8141
14.7931
13.4794
13.4794
13.6324
13.6324
14.7313
11.2531
11.2531
14.3634
16.7532
18.59
21.1393
23.4168
25.5068
27.2532
28.9073
